A 418 190 986 635 3 2.659294039491868
A 1649 925 1181 629 2 1.4651106135434682
A 758 153 1120 295 1 2.934063561537668
A 1301 781 764 942 1 0.39436781881401517
A 1577 1079 370 112 3 0.23095346297419195
A 249 1034 592 436 1 0.3084574042529098
A 869 154 17 8 1 0.73106227780557
A 329 58 1659 892 3 2.3501577958754054
A 1513 133 979 659 3 2.9826394991028673
A 1172 564 1734 361 3 1.1165992165702445
A 900 655 1363 868 2 2.88313842269953
A 1814 116 1018 702 3 2.0733947641824186
A 879 369 1907 534 1 0.9028463748753477
A 1197 825 979 331 1 1.6724888418991104
A 1574 264 1595 462 3 0.9034436495758479
A 1389 420 1401 366 3 1.048572963964836
A 557 779 246 729 1 0.9050592966205999
A 1787 11 851 249 3 1.4714633006653053
A 1514 813 268 48 1 2.3727848169807904
A 834 1038 169 769 2 1.801943921542013
A 1817 27 165 623 3 2.8753264271177743
A 879 208 1573 400 1 0.4676278430137337
A 159 177 749 986 3 1.8847448267378568
A 1661 777 819 426 1 1.2067098356277846
A 955 902 1768 125 2 1.7875903085552802
A 789 470 1362 174 2 1.252540926722311
A 231 481 1307 735 2 1.222134843025085
A 1223 295 1337 203 2 1.9432132972459288
A 1820 803 1908 264 3 1.0201059838915285
A 1440 716 808 752 1 1.9787426334820668
A 1739 535 1528 1059 1 2.350964198964438
A 478 332 59 1055 2 0.6236896811583738
A 1481 133 354 1044 1 1.3232586136654374
A 629 692 610 1018 1 1.29821822910039
A 1691 758 343 280 3 1.8018769922988729
A 178 977 521 1025 2 2.4946222821694084
A 649 505 1077 90 3 2.567597450935657
A 547 389 1024 982 1 0.9562247097591791
A 1804 776 978 641 3 2.08874795414
A 1545 264 1749 108 2 1.2080655831566356
A 241 840 998 826 3 0.24696552757817236
A 1907 556 1725 143 3 2.9870880246600646
A 744 1040 1398 311 2 1.8763819681703056
A 316 570 432 998 2 1.0762238323966062
A 1476 472 1574 519 1 2.479214857700394
A 1508 454 1311 216 2 0.10250086363783328
A 1841 599 201 852 3 0.14550786582499697
A 1259 639 1537 176 1 2.8626843602873437
A 1832 598 466 996 1 1.0272912691766773
A 748 51 369 695 3 1.9386160254991225
A 1391 1067 1122 3 1 1.1428739699548347
A 508 787 147 569 2 1.4255898250380912
A 779 34 188 522 1 2.7188200731268863
A 1340 903 1135 979 3 2.1160751332660284
A 348 540 525 968 2 0.7361538321641252
A 1363 684 1560 614 2 0.20609858498770461
A 673 610 1101 80 2 1.6332222237949063
A 1623 258 1122 508 1 2.902885066215747
A 1372 117 1167 684 3 1.6731160197407342
A 734 732 66 451 1 1.9850810234200216
A 1398 1017 1885 6 1 2.553862470184735
A 330 645 1620 921 2 1.0845669304043486
A 1074 97 791 527 1 2.185287847657788
A 857 936 1409 93 1 2.5444213199591785
A 1422 370 400 55 3 2.8409820146661513
A 1424 819 1011 617 1 2.8690813641097996
A 1808 468 507 201 3 2.201446002012798
A 1270 274 567 981 3 0.07103269998310247
A 649 705 539 702 3 1.474432414993325
A 133 318 1501 385 3 2.085732750333753
A 430 846 1825 903 3 0.7416678251151125
A 1092 454 702 562 1 2.6333654380345095
A 1488 627 1820 403 3 1.988775775485217
A 1138 97 744 541 1 1.635600052522684
A 72 167 978 452 1 2.9142551943841557
A 506 584 999 401 2 0.14403746211058477
A 1514 761 410 885 1 2.167265601064855
A 1400 13 949 597 1 2.452218441745334
A 594 198 1516 314 2 1.2159875478475284
A 1717 750 1764 789 3 1.5435977995084942
A 1270 621 1261 883 2 0.14541998037204484
A 1037 613 360 429 1 1.9161296811730288
A 55 161 175 188 3 2.3921246918512504
A 1308 790 1487 273 1 0.8553752614593231
A 1426 933 1431 886 3 1.894242756705644
A 354 592 1219 844 2 0.9041850193189973
A 204 72 930 655 2 1.7746063470781976
A 1603 350 1819 233 2 0.2813707034749061
A 982 371 1739 886 2 1.636029023791603
A 361 711 615 726 3 2.7712546243237464
A 751 118 720 729 3 0.11487570251429424
A 822 43 1087 409 3 0.5005226179006909
A 269 133 189 817 2 0.7960320700890496
A 245 160 309 977 2 1.1133192887560863
A 239 338 1853 932 2 2.5765918850982628
A 971 49 355 92 2 0.6560241861113341
A 1708 853 606 303 1 1.9810114379320851
A 678 385 1003 791 1 0.9735227240850071
A 647 1071 927 773 1 0.7430358768754902
A 1887 442 1227 90 2 0.005560272199716221
T 500 400 250
T 1580 800 150
T 950 350 200