A 1017 942 182 263 2 2.0639661174243606
A 1331 435 388 357 2 4.963080801956092
A 112 841 315 723 2 33.644800101928425
A 415 974 1610 471 2 57.92373694483648
A 91 63 41 956 2 23.192526954773307
A 1482 382 1128 650 2 27.28026768408775
A 1784 659 903 472 1 54.640745111699175
A 1470 835 1288 1046 3 11.154316181726532
A 1166 262 26 756 2 48.75937440483176
A 1346 916 1271 72 3 7.375603827450341
A 1211 879 301 433 2 58.65510743398144
A 201 645 155 325 1 36.92325193274821
A 1185 141 373 515 2 16.171923869943452
A 1373 846 1019 330 3 58.28748926846106
A 1298 510 1126 609 3 47.54788481611509
A 45 1034 891 918 3 23.70116147496246
A 1375 213 1858 105 2 6.682848747220449
A 1456 949 333 122 2 16.038836751605963
A 1441 157 1070 810 3 3.1022543166772354
A 1262 292 1205 913 2 3.864423166747144
A 774 648 779 339 1 50.13722995747858
A 191 77 1288 223 3 38.7823769686592
A 1040 111 1827 524 1 29.454816178494085
A 238 125 1205 482 3 25.248233306718102
A 856 205 1579 134 3 16.924082598074822
A 1124 583 961 440 3 9.209617337681632
A 1464 901 1656 878 3 13.241005981955652
A 222 691 1504 468 2 50.79845027031702
A 912 912 1214 748 1 42.873303811926796
A 1078 744 1172 994 2 28.949979669899772
A 949 266 735 299 2 32.39196817015053
A 1675 513 1349 274 1 48.425345625547386
A 713 483 848 880 1 39.32220830434174
A 1412 140 424 651 2 19.248219344639597
A 331 42 1510 295 3 11.694534645488513
A 581 140 864 382 2 59.549868940177525
A 604 1040 1102 59 1 57.05760849094399
A 408 667 1765 108 2 9.548461279194775
A 1718 102 148 49 3 9.501185870865125
A 1722 716 128 789 2 27.901207011190735
A 1892 1020 1778 779 3 20.35541556737803
A 537 359 407 834 2 46.62138731755495
A 1030 958 1731 942 2 56.86612655700595
A 737 529 966 717 1 34.60671859184419
A 548 470 1272 598 2 35.799519870768556
A 1622 410 18 789 1 12.695117217020451
A 196 912 1506 376 1 28.188316896948415
A 394 1027 215 1032 1 30.925922091641993
A 1641 379 1029 235 1 24.356405182975667
A 1433 400 1044 611 3 29.189882056552875
A 1747 164 1458 673 3 59.80975553131153
A 910 596 1191 555 3 35.068817511114965
A 853 143 1351 637 1 11.012746811318872
A 540 670 950 348 1 40.72347767547336
A 174 550 475 505 2 6.844379831308358
A 188 829 1117 143 1 2.362460978516172
A 192 459 308 70 3 55.20164577151386
A 1154 473 991 253 1 35.617746589242515
A 1055 1045 1651 429 1 4.4410883656916145
A 1004 484 793 532 1 49.85156807545738
A 957 1004 1280 539 3 30.198481270967438
A 800 1061 768 627 2 37.66862870252596
A 1708 1041 1467 417 1 23.980213925660042
A 610 227 29 158 3 16.558002002537712
A 1104 615 1147 92 3 33.040792945728
A 573 665 1243 736 2 44.36865730723424
A 408 759 853 979 2 51.45462389175561
A 783 902 168 1015 2 53.65118148038105
A 1144 334 546 410 3 53.998295552314595
A 1008 401 1520 235 2 1.9738436946000526
A 1318 226 792 694 1 20.03860757590322
A 1499 1001 896 46 3 42.15543111757182
A 976 810 1869 327 2 59.16014859645803
A 1335 1022 492 436 2 19.976082948060604
A 238 140 851 1049 1 54.77064224825693
A 229 435 425 555 3 53.055044526850025
A 8 494 196 1048 2 35.22208072913992
A 741 797 830 730 1 22.84237868798961
A 1030 964 1160 649 1 9.871410499960023
A 922 702 877 451 3 8.032487179134355
A 1751 356 1040 451 2 42.17604230084212
A 1113 106 1542 448 1 38.937009338123616
A 1052 400 1367 1053 2 5.049697306674926
A 925 636 1863 43 1 26.173839049151425
A 1183 709 1723 1016 3 25.843889203974644
A 484 453 1089 808 2 2.2779843676975298
A 1880 878 1581 6 2 35.263205454035344
A 1258 755 1402 253 3 9.968574429593819
A 218 120 1474 1075 2 42.34834603709406
A 1167 264 1138 906 1 45.144947040387315
A 782 1043 962 60 3 58.51613166442707
A 920 53 1502 1042 3 29.946582694824485
A 1141 675 1696 201 3 17.57512211563021
A 1022 412 678 608 1 7.705534424421567
A 1137 248 1566 946 3 29.758909714233756
A 1006 602 1298 479 1 7.951898023756181
A 339 122 1229 414 3 25.18195503416279
A 1691 191 402 1030 3 6.772461312139148
A 1902 756 1589 896 3 40.710109531706316
A 430 956 315 597 1 23.124860264939777
A 917 624 661 692 3 51.59318893290671
A 78 663 1148 141 2 26.407218002864862
A 298 767 1736 161 1 46.20186776901418
A 185 410 1780 302 1 57.492633269155355
A 1140 735 177 662 2 50.28920322792639
A 360 911 1673 379 3 32.83023493480086
A 463 839 856 901 2 6.888826663016867
A 1524 946 459 952 1 23.050810987190854
A 715 349 399 569 2 11.216633279537547
A 1812 743 40 187 1 11.85580306584493
A 1586 327 830 206 2 41.14047976235983
A 1454 709 1729 466 3 40.18541288330541
A 185 627 1118 19 2 47.0567985325588
A 1172 858 48 977 2 39.622341928343445
A 888 68 1369 973 3 12.049969466447799
A 1764 318 868 81 3 30.11456497137988
A 561 560 104 761 3 17.101816549049925
A 315 1052 1471 283 3 43.847550321081286
A 670 472 1602 42 3 15.802273878682199
A 1068 117 839 80 1 46.70093863198748
A 841 300 684 401 2 33.91064543389462
A 1515 455 1127 1058 2 15.751251256630178
A 785 623 1757 264 3 25.76339780657347
A 1081 533 944 283 2 48.136595303361126
A 820 314 158 255 3 35.51395348117537
A 630 169 500 1062 1 54.367135645308
A 1914 77 1096 625 2 42.915690111034976
A 1762 997 1416 600 1 25.374768508756468
A 1852 907 263 544 3 13.852220232241496
A 401 693 1132 274 2 57.38638042203589
A 1597 840 747 723 2 59.63345710923225
A 1507 346 676 683 2 54.44853522014507
A 940 938 801 572 1 33.820436995178625
A 195 134 1052 670 3 38.56013419501436
A 1441 778 1207 963 1 50.051882136375916
A 1775 104 349 233 2 26.58837592047829
A 723 1078 1394 426 3 38.56682833914329
A 1428 932 1360 477 2 4.415022089341729
A 1432 125 95 952 1 4.8855849920036665
A 1033 785 969 219 2 16.481835945565784
A 1824 297 651 620 2 25.67836958111598
A 1833 559 285 598 2 24.38806178790468
A 1699 845 1080 868 3 6.6170585923018805
A 632 703 1270 573 3 47.92273828464058
A 915 258 445 31 2 59.01823112918903
A 865 86 431 673 2 33.07168835538314
A 560 3 911 920 2 26.58880973166631
A 1114 988 1502 678 3 51.448651873252004
A 988 245 1441 737 2 25.025294888783872
A 1665 162 1277 721 2 21.60856705130788
A 333 943 1134 1011 1 42.09801132447231
A 175 546 127 298 3 28.317021546358337
A 1904 234 449 30 3 5.528320486792502
A 823 717 979 243 3 26.98959286041298
A 204 64 301 61 2 22.07855079474607
A 1329 196 1244 226 2 22.518996475943716
A 310 438 92 611 2 19.640781073225973
A 922 960 106 903 2 21.10429246994004
A 1659 428 1096 278 1 2.120948713408053
A 892 109 1832 733 1 15.65658589777934
A 1435 958 1915 902 3 47.09666821630819
A 773 89 1687 257 3 25.521667397925533
A 1033 441 971 1061 3 42.099683780520664
A 149 563 1295 588 3 1.8473083042568672
A 1495 561 3 606 2 17.003323399232965
A 1470 472 1632 448 1 30.41496078521253
A 1676 734 858 25 3 50.264235389448295
A 1660 437 646 645 3 20.677970123325373
A 1485 505 243 64 1 45.282192365413145
A 174 690 1191 346 3 42.52604661239155
A 630 785 45 150 1 5.569741812941979
A 1250 316 45 470 1 10.278986124257706
A 1188 506 1684 211 3 23.722629617936597
A 654 787 1073 28 1 50.58978274773937
A 1817 12 1658 935 3 13.439978484058203
A 513 142 1347 287 3 21.379592320708166
A 1157 451 992 170 3 24.994087621518773
A 240 137 1725 453 1 45.26590786821886
A 843 1054 1164 25 1 24.483389872154454
A 144 901 1022 63 2 49.176408549957365
A 232 417 1384 510 2 2.8986798223585075
A 1290 342 1569 715 1 17.003712708532603
A 430 57 511 315 2 49.83156341382923
A 226 287 92 288 1 30.940596026441764
A 112 104 682 271 2 15.852008202079901
A 988 657 660 989 3 2.926778426635628
A 821 796 768 149 3 25.481681194032898
A 1126 145 1529 550 1 44.49719332190114
A 1604 211 1085 153 1 55.91531921779532
A 1593 1073 283 991 3 43.26253013749071
A 1354 836 902 24 2 38.32926786461417
A 193 344 1471 760 1 39.27480256514426
A 1308 991 24 291 2 29.11288694219969
A 786 588 1609 969 2 56.032715243856416
A 217 380 1849 981 3 22.54613628298394
A 962 1019 1735 337 2 14.831471779803502
A 233 663 1785 456 2 36.41155320324753
A 172 939 752 932 3 23.34803883973303
A 21 631 654 1022 2 28.025785530106198
A 139 864 860 829 2 12.951051418538732
A 1034 683 337 167 2 4.347096882283297
A 1614 372 406 928 1 45.738479075488655
A 682 868 1823 243 1 39.542527022538266
A 595 131 782 976 1 52.74573586295047
A 1521 139 1278 193 1 36.73458540604387
A 219 806 1590 259 3 42.711292751892465
A 1710 751 295 262 1 40.40705518437191
A 1151 1046 481 24 3 7.649357674376674
A 832 997 1698 895 1 27.683696619912556
A 963 198 461 610 1 41.66218615993361
A 1690 1017 1594 789 1 47.621260515402554
A 990 1048 1496 604 1 18.255873753463725
A 438 510 981 151 2 30.26440815020755
A 1629 461 295 134 1 35.492143069752544
A 518 760 1869 615 1 38.5418301424063
A 1868 268 1313 1023 2 26.75591089180223
A 545 322 852 622 2 46.62273599835132
A 119 980 1822 182 2 0.8009833907609742
A 1879 1016 798 693 1 15.816411883584177
A 1289 1005 233 832 3 59.61718874278897
A 861 530 268 369 2 11.549855648612258
A 101 1006 571 811 1 5.791627281395561
A 729 107 82 630 2 33.80959822721261
A 1070 1010 1389 645 2 56.759957753852085
A 751 487 1798 931 1 31.128237077391326
A 370 185 467 147 2 4.780695350858306
A 372 948 633 835 1 33.43842585308167
A 56 880 589 132 2 32.718449625333825
A 244 634 439 208 3 40.37456218059557
A 1409 712 1764 988 1 15.408969266134282
A 1211 995 1338 835 2 9.813690706684174
A 1695 350 1700 364 2 25.737622467642755
A 1202 45 1633 265 1 54.32423021646392
A 1144 257 87 89 2 17.909560847363778
A 126 485 333 963 3 20.354331733722134
A 48 1057 1320 578 3 54.64329773883531
A 322 1019 77 250 3 3.0858414983488758
A 1299 107 1682 724 3 14.954469199536442
A 285 983 1843 903 2 18.15357058669667
A 985 824 1059 108 1 32.084482261508505
A 1580 162 1845 1012 2 59.76139901704771
A 1744 228 1015 921 2 4.022429946640633
A 706 115 696 887 2 6.932527243398637
A 1009 273 131 604 2 54.21988930288898
A 1536 221 1769 802 2 13.391257515629238
A 914 884 907 1 1 7.830143258204916
A 104 538 901 545 2 16.572113696959402
A 571 360 474 870 1 10.30221428879855
A 1491 840 887 370 3 45.75546964619187
A 526 260 816 669 3 12.582501065016139
A 506 165 412 746 3 10.752280755930952
A 1049 725 1046 694 1 18.240509076827955
A 1415 110 1660 830 3 28.67721100219243
A 192 536 1401 489 2 20.01650169757841
A 751 594 1021 230 3 4.197440689062432
A 524 479 1032 469 3 2.776186763645403
A 1313 830 675 852 3 37.85818810723849
A 274 473 1060 530 2 20.196696543765146
A 540 400 913 175 1 2.394507248696449
A 210 814 1540 797 2 18.972928034839644
A 1560 100 399 382 3 7.67742859945149
A 1225 318 1211 91 1 6.455035892980943
A 193 323 156 641 3 52.005525948070634
A 356 702 1875 562 2 11.71497600081399
A 1091 891 1901 268 2 48.80229375336046
A 618 845 165 947 3 50.95780642850038
A 730 15 773 10 3 17.459062933436904
A 589 797 1699 630 2 16.90306289088024
A 1306 75 1540 352 1 31.26599095216585
A 482 739 855 529 1 32.319089771915884
A 1762 703 746 10 1 15.891920524437865
A 1117 970 562 377 3 22.487602158192995
A 1530 914 380 701 1 41.176172196168515
A 506 376 346 757 2 8.37827510705181
A 1360 597 792 979 2 48.61244159197199
A 1669 1056 354 639 2 52.50260078269585
A 949 428 1390 584 2 34.57532907076508
A 1343 105 1672 859 2 46.332408386300415
A 1914 93 556 180 1 49.69912800418189
A 1767 71 1202 614 2 54.42682880184037
A 1655 277 1907 254 3 51.823716221199675
A 1492 297 155 542 3 21.731518872979155
A 1071 858 1465 969 1 16.035896265351628
A 1618 381 236 761 1 8.350179251196565
A 68 638 1186 1007 1 42.9832370427657
A 596 16 1222 212 2 58.353303853284
A 127 52 1012 685 3 23.27888284456855
A 1485 107 81 1076 3 7.372017289908792
A 1243 52 744 880 3 38.01525323136945
A 71 488 111 207 1 4.61891330862705
A 1752 723 399 1037 2 22.193644390926877
A 1383 790 1688 743 3 29.05775080297583
A 787 847 1607 157 2 7.947581834407211
A 324 250 1320 783 2 40.074673838544804
A 984 538 1801 97 3 31.66590976800367
A 307 467 35 435 1 26.283131042685838
A 744 183 1844 305 1 44.91349997664427
A 85 922 26 655 2 23.47437848652861
A 1461 923 1642 222 2 14.190091772064457
A 206 917 396 675 3 24.255481682880202
A 1101 885 170 333 3 53.853609906321296
A 474 900 1217 677 2 20.977536471222248
A 1196 466 1534 839 2 32.90324896066027
A 1160 651 48 508 1 2.93005481013197
A 342 996 1026 812 2 9.813789981503218
A 1103 144 1459 268 3 36.6553611523633
A 770 584 1833 1061 2 2.86278723840395
A 1650 905 34 341 3 30.326433854564684
A 1693 509 850 211 3 53.93411845203306
A 1019 1050 207 755 3 43.9509637803936
A 731 762 1014 961 2 19.780637844693395
A 750 602 1137 587 2 20.54467009710835
A 847 167 872 83 3 40.574173045741254
A 24 539 582 747 1 11.156042946194331
A 102 401 1422 899 2 56.10420150420389
A 696 521 646 1042 2 46.568329748961524
A 248 332 1289 540 1 31.987740855881995
A 1793 1024 1533 509 3 53.2985561795242
A 981 107 857 353 2 38.04737745426911
A 1689 730 10 312 1 41.2444087018456
A 769 385 32 1035 3 32.90886542624307
A 53 385 1429 356 3 27.150776047314604
A 15 534 1701 44 2 50.76192709942776
A 1119 28 954 616 2 20.70574706481818
A 211 800 1473 1033 2 31.238784747577416
A 661 906 112 887 1 5.68357536698074
A 1217 230 1834 907 2 24.015387217060148
A 698 535 698 944 2 18.95549595150662
A 150 857 980 902 1 42.05532634850898
A 1396 478 6 127 3 16.492833484335446
A 930 236 22 33 3 1.9505609460094409
A 1748 280 765 353 2 33.98398238291994
A 329 546 1037 691 1 48.614819441223325
A 360 756 1209 855 1 38.26164044159831
A 162 577 537 1065 1 26.974239429218265
A 927 298 208 798 1 51.704187525690266
A 217 470 752 553 1 50.482625454695466
A 579 1023 184 470 1 12.420424407608934
A 660 1062 456 694 1 37.92314951844194
A 923 683 364 241 1 30.900441156682497
A 1130 431 1564 271 3 5.093799695024559
A 44 928 383 293 3 53.727210785664816
A 1600 690 468 64 2 41.35646173940569
A 399 605 1588 267 2 53.32411766775436
A 1320 411 1756 968 3 4.803139702174479
A 287 1063 846 878 3 5.748967381184025
A 566 148 568 1008 1 26.647546418123298
A 1576 101 1541 342 3 18.122610159462113
A 219 679 1727 673 3 10.71780736674655
A 1425 492 509 236 1 33.61158283365868
A 1557 691 633 231 2 2.607322765615121
A 1177 826 1901 230 1 12.180882834868793
A 333 212 762 704 2 42.95170130301637
A 1283 727 95 989 3 4.813927624084949
A 1353 525 383 836 3 41.61168140935007
A 1281 778 1918 392 3 52.22378536654587
A 1515 653 155 581 3 19.213788025638067
A 1003 89 296 623 1 53.745700811336356
A 1273 858 3 274 1 16.53117961724317
A 251 31 1198 675 3 8.84491090513512
A 67 902 261 874 3 55.496685346633654
A 343 168 1088 402 1 15.134094977973206
A 1439 867 1565 159 1 39.958177556714155
A 61 891 1727 576 2 27.19079446533989
A 1268 757 1283 337 2 58.73705562898593
A 1788 151 466 168 2 3.865647258323346
A 84 389 1473 990 1 17.408074277593432
A 39 443 173 353 3 17.366445957914195
A 1799 195 173 807 3 4.648530539198015
A 1610 455 729 752 3 50.4773991340238
A 1331 692 645 46 1 22.42886693898757
A 1471 463 324 520 3 49.01044583551689
A 1202 1038 1292 1063 3 26.802612775591594
A 988 410 1404 218 2 30.516691559674104
A 1666 985 514 135 3 31.776952369909313
A 1397 619 1775 698 1 35.12950829301588
A 1635 858 251 1018 3 58.94588581264498
A 1781 42 1587 510 3 57.10559850472286
A 1157 217 513 880 1 29.656592656152093
A 1691 714 962 570 1 35.480159433611234
A 1691 941 128 201 2 0.15529068394069423
A 1886 648 1751 782 3 34.493764475595
A 673 372 744 364 3 56.10512310133778
A 712 930 162 120 2 15.553745664930727
A 1256 474 106 222 2 58.235003907824314
A 779 992 1678 530 2 8.781904074368715
A 154 281 436 1011 3 29.869794845062437
A 1171 387 1206 318 2 12.562722756800863
A 729 237 211 333 2 2.5567491230715067
A 1690 973 215 73 1 39.175599641892326
A 1022 510 483 293 2 54.02359026041005
A 958 911 431 514 2 11.590235395356157
A 567 890 1395 1073 1 28.550766016983257
A 1304 146 1723 1017 3 13.775500991741353
A 28 644 1373 500 2 39.32420441613749
A 1359 46 1067 139 3 40.11022704489273
A 1554 462 193 32 1 24.65155001487556
A 1029 489 1232 610 3 38.99305363181481
A 260 211 997 190 2 32.925078390665796
A 1098 468 1240 364 2 29.419048065464633
A 729 125 703 953 1 14.552310376096907
A 882 1028 22 221 2 54.39984350293351
A 378 227 1188 662 1 39.82508549264793
A 982 514 524 142 2 14.814137699403954
A 547 77 583 292 3 7.309953220060859
A 1485 995 875 285 1 12.820479259837583
A 1140 587 1175 991 1 17.99167164641962
A 1025 1022 1650 515 2 47.45582683189792
A 1595 163 1022 273 1 9.931794370164619
A 582 534 853 408 1 20.32818963248898
A 1540 553 802 1046 2 28.43474631539329
A 564 115 1446 120 3 9.550409407559934
A 1739 1006 476 1004 2 3.353498629683054
A 1399 91 114 360 1 28.796537702832858
A 1266 723 387 876 3 52.34221154883958
A 467 1024 173 302 3 38.403895689733154
A 1404 308 337 82 3 5.477696810277102
A 515 965 400 798 3 5.842221887261321
A 1033 610 113 790 2 57.31194368167575
A 567 1002 553 923 1 43.156284161322326
A 531 473 848 145 1 6.427296725967788
A 1224 701 1663 586 2 20.21390152583099
A 37 485 1360 744 1 21.709913151122144
A 1836 661 1277 971 2 16.717834956553613
A 592 832 1583 58 2 20.76844212239619
A 1071 149 504 303 3 32.513731207269714
A 1034 972 659 224 2 4.5992754674660645
A 945 838 1142 698 1 29.053868770709222
A 1474 1019 1148 137 1 4.99748291645516
A 1391 158 1336 718 2 30.130263551090138
A 710 180 748 251 3 24.635929639289014
A 739 656 292 295 3 38.93414701197232
A 576 422 1604 1051 3 45.04359026347126
A 1418 816 1778 220 1 40.666427025833414
A 1185 420 1373 993 1 29.526457519549872
A 1816 938 1465 1019 2 58.13366487064843
A 793 965 1098 868 3 29.802967432576917
A 1918 465 887 89 2 20.650411388247512
A 1592 830 1469 1049 1 23.45419947858256
A 1157 630 862 371 2 56.84831743120314
A 679 606 1883 538 2 8.132052014734622
A 825 1069 658 739 3 58.71485049468128
A 516 1004 317 649 1 51.31491326579249
A 1553 76 413 663 2 58.27230784228244
A 805 579 344 14 1 17.112873708030566
A 1401 219 1881 10 3 45.694225760821574
A 530 995 1433 676 1 52.82740130034568
A 164 129 1067 865 3 23.56177831204626
A 368 794 310 395 1 59.39809330271887
A 614 202 1407 245 1 17.21737290393322
A 1172 260 1305 67 2 25.88193761822483
A 796 1022 80 727 2 44.1749188564361
A 1887 1022 1907 559 3 23.266449355989614
A 1123 983 825 477 1 8.899940630129773
A 302 430 1169 396 2 59.72456879244276
A 380 3 1359 648 2 46.80595906720221
A 1603 50 765 33 3 37.06332665467199
A 627 78 525 209 2 31.064572928904447
A 29 512 1733 228 3 10.483252929093695
A 1111 957 669 973 1 47.41991024358828
A 872 66 1469 1037 1 38.815587002641514
A 895 202 326 613 3 25.004811172986052
A 1455 627 45 819 3 43.37990981407206
A 1270 430 1677 1042 1 57.728535797581344
A 988 185 474 1020 1 10.056392070208776
A 1563 283 473 979 1 52.50844333777023
A 1730 454 931 985 3 42.518494643174215
A 1306 716 1737 373 1 33.37903418245688
A 1497 109 1625 966 1 12.662289323631125
A 1553 721 609 631 2 36.25374479665165
A 1420 960 1623 661 1 34.66516241504114
A 142 707 891 215 3 59.24341845963089
A 406 31 685 578 2 4.814549917437956
A 901 782 1612 211 3 42.77229062355494
A 1839 144 421 919 2 4.744929553982344
A 1334 75 128 1051 1 25.19354522228625
A 1235 1025 170 971 1 3.426526056146093
A 402 1047 728 1050 1 22.494986449019155
A 94 938 1597 1037 1 27.11335833034657
A 467 501 283 306 1 8.807627507837015
A 973 390 1811 280 1 45.4080457697186
A 1910 747 876 540 2 46.19488061750394
A 825 196 1278 703 1 40.68952372597138
A 1837 807 18 676 3 49.36420547955958
A 1535 152 713 415 3 52.85017243204465
A 1465 155 121 848 3 3.4006359781251216
A 1217 178 1235 265 2 34.10907551496555
A 1265 294 1853 668 1 46.73489195488272
A 1894 256 1848 42 3 10.97788223907743
A 1812 893 951 413 1 38.08223019712421
A 474 1048 1490 837 1 53.7597823902349
A 535 128 464 947 2 13.281164543937404
A 1650 1007 125 670 3 20.064087626387376
A 795 443 812 908 3 38.15509454617574
A 984 695 401 978 1 34.38387153391534
A 1683 1058 1877 122 3 56.579246462550195
A 948 773 401 729 3 52.25615905157327
A 1056 322 1514 852 3 11.71091840165331
A 503 272 1355 630 2 0.7478404698156349
A 766 289 1755 593 2 43.98918615265914
A 425 646 17 330 2 14.326471345168251
A 590 280 201 455 2 9.632637409403351
A 1757 104 63 1035 1 8.306452252081195
A 906 72 1182 795 3 22.18001994832979
A 651 613 712 373 2 56.112284447062756
A 16 263 907 6 3 52.66910850030696
A 41 726 1405 894 1 58.13617328536746
A 1090 920 1307 261 2 55.65685396496002
A 651 586 1178 742 1 49.16452043827254
A 1018 18 776 850 2 6.342042008820517
A 1501 275 174 541 1 8.906421029679306
A 950 412 1294 759 1 10.982990651532216
A 367 55 671 805 3 20.06336585805496
A 1164 865 876 510 2 21.80411994745941
A 1705 415 764 894 2 4.923319978729297
A 1335 467 656 129 1 16.17857066844943
A 756 134 393 657 2 42.37292386935097
A 894 331 918 95 2 1.5993283905004763
A 675 546 1402 623 2 48.248983500913425
A 1874 363 1593 384 2 11.426832714533749
A 1148 192 1665 156 1 30.35685831103821
A 1679 527 1297 168 2 11.576210062157106
A 1297 557 88 229 2 0.2971091906077694
A 527 699 1345 1052 3 46.54052285832875
A 769 861 301 52 1 45.877683639073446
A 346 294 500 780 1 42.45008471113665
A 1131 343 453 166 3 42.553843503714376
A 1042 483 134 829 3 43.18941887758873
A 800 379 1501 808 3 10.97080217048265
A 1156 356 1075 627 1 13.33541026557988
A 1432 782 984 183 2 6.548476026320853
A 764 548 356 318 1 46.36722746407055
A 107 997 1468 92 3 4.841036256319233
A 1518 581 1615 468 3 39.21930065215465
A 1373 424 1718 153 2 23.55795827545994
A 712 981 620 833 2 16.576246378547616
A 1794 324 323 515 1 2.186948537584683
A 426 140 1013 951 2 17.375656451886073
A 1726 849 1150 525 2 5.438004029157961
A 997 16 1814 1024 1 52.75052860404262
A 1044 796 1759 513 1 49.25127012380794
A 182 23 1630 520 3 5.228496756116872
A 1006 29 216 479 2 43.87021683287898
A 1326 71 658 575 2 16.348647697865218
A 1424 804 550 390 2 39.56134592195718
A 539 868 592 24 2 50.95145576721226
A 593 240 787 334 2 10.089523023817698
A 643 843 886 897 2 15.532211113594075
A 548 573 142 576 3 50.635511289747214
A 428 773 466 735 3 10.68980574297359
A 1635 684 1175 707 1 20.01166622419753
A 575 613 298 393 1 51.96289999298682
A 70 950 799 335 1 51.43886266913461
A 338 230 1720 884 2 41.52070810721095
A 1627 1051 423 25 1 18.420905191413176
A 1241 969 677 500 3 59.81813473918887
A 1847 863 1225 888 2 0.9957399942858114
A 1792 1076 932 436 2 50.253812806818964
A 1789 363 538 38 3 15.106905375039428
A 1904 575 1750 1071 3 51.518908514675715
A 1554 106 85 516 3 31.06790409190112
A 1398 974 574 702 1 21.226498766732075
A 1641 651 1268 39 1 53.790950593680066
A 130 668 1410 231 3 38.656370140506255
A 1157 795 616 542 1 6.257030137759811
A 1845 1025 1230 404 3 43.506740055895406
A 1210 579 367 168 1 11.020878542509166
A 378 1063 737 970 1 49.60442547177435
A 493 400 1915 694 1 43.56147246161595
A 1472 154 1507 477 3 18.882206738178276
A 1482 52 487 275 1 12.66991743147071
A 1681 448 1701 375 1 17.446110471174052
A 940 352 1888 949 3 12.769647029265672
A 34 243 434 439 1 51.399610621014276
A 498 934 1066 1012 3 30.642068829252786
A 243 332 1058 966 3 35.987839335216925
A 1709 912 814 1028 2 5.5465270429099895
A 585 362 754 923 1 20.84057593089564
A 1413 83 648 969 2 38.85611354182462
A 1692 897 1234 51 2 26.558649157191674
A 1424 348 329 287 3 47.46038911838064
A 756 475 833 428 3 32.696541116898274
A 330 94 69 163 3 1.6946325519103245
A 1671 851 61 526 2 54.64765700608153
A 1281 764 1507 447 1 45.419545311247795
A 320 530 1614 643 1 15.617560804803908
A 1544 390 13 429 2 44.86681764313321
A 421 92 1301 709 1 48.43779810692421
A 805 487 204 540 3 4.393023348236027
A 175 835 879 453 2 29.398787381785446
A 564 730 908 1048 3 43.47947282222178
A 579 710 722 51 1 45.63829635587982
A 1497 119 854 783 1 14.905565508800752
A 1574 701 813 479 3 57.00434849565071
A 1783 759 858 539 3 50.812590059179335
A 791 469 1114 471 1 57.976100937764244
A 10 830 1332 271 1 19.170590335204913
A 1783 284 1787 1003 3 46.631597243620504
A 1588 497 396 719 2 31.800155378436553
A 816 1053 149 1037 3 2.121260025389846
A 1282 705 1431 7 3 23.46502773198783
A 1281 1038 1462 125 1 55.10447300615953
A 250 998 1706 743 1 1.8897750717160133
A 1365 589 661 787 2 4.2821695710264756
A 175 77 1565 109 3 17.355660172326267
A 1233 310 180 816 2 57.24291405693315
A 876 668 357 838 2 14.370666218094748
A 1125 553 24 596 3 23.22739587931586
A 453 777 887 151 3 22.14495847604633
A 185 393 822 491 3 9.897312027463396
A 1634 387 1641 489 2 2.937542197915195
A 1397 950 1710 562 3 32.71386874413948
A 1228 276 937 1030 3 6.323074978709444
A 388 488 19 1069 1 53.6865436562212
A 1349 933 1004 273 3 53.51151324978372
A 369 200 1117 361 1 33.50587946816198
A 505 943 894 975 2 32.4133837397055
A 1690 899 1171 482 2 54.22081695852774
A 69 845 1792 310 3 24.44009150884125
A 1176 566 662 866 2 32.56221766049205
A 882 398 553 778 1 54.024786663846136
A 1394 87 1452 833 1 47.20171011826381
A 1372 203 551 1023 1 11.469089879117444
A 156 39 1068 870 1 22.083084792956935
A 1686 623 1738 517 1 47.66592704321059
A 1131 617 42 6 2 24.276984657113122
A 73 733 70 121 2 49.863546890146026
A 1810 723 1121 407 1 22.51520002639115
A 149 254 1591 287 1 23.97524296258404
A 166 555 374 267 3 45.26787685940969
A 1105 276 498 335 2 57.21590272837466
A 490 18 230 625 3 3.044354405941365
A 85 978 1707 779 2 27.230841760621445
A 1624 293 1653 209 2 48.992856104667645
A 1726 24 882 84 2 32.45805451949899
A 651 674 315 66 3 48.50458315914761
A 1759 78 1529 972 1 28.31182421519808
A 71 644 202 963 1 47.2121833357282
A 636 562 1139 364 2 41.190732567521785
A 1073 352 1420 969 2 31.241854711822732
A 165 758 1726 646 3 48.77402664120603
A 471 796 1297 640 3 56.1349030634273
A 27 472 292 606 1 2.104172293754698
A 1331 629 1031 674 3 17.744728052853603
A 543 255 780 938 3 12.800389870915401
A 1812 129 549 207 3 19.856766739506565
A 366 658 259 188 2 9.123326129788015
A 1169 791 1176 779 3 51.646561991441246
A 959 167 459 945 2 25.972354425224687
A 1727 873 602 549 1 21.18192448395902
A 1795 519 1092 689 1 49.647223043511616
A 1560 208 1779 551 3 26.775316369524308
A 1010 396 1223 834 2 43.43886056338972
A 986 962 720 791 2 5.711494643804073
A 1120 784 16 29 1 12.513268069304402
A 134 182 111 815 1 51.454317295602024
A 1318 279 1652 214 1 46.97758104151044
A 1361 241 556 551 3 36.54117797558246
A 1272 924 363 411 3 18.44888182594125
A 463 588 96 927 2 14.478419850770155
A 643 1051 638 602 1 34.603276863768265
A 1051 1060 612 354 1 9.98508716262106
A 1561 461 798 148 1 57.393450245772314
A 81 160 1186 210 3 56.23491554326299
A 1302 1075 1052 586 2 46.126892345753376
A 227 140 1364 894 3 41.890450459192515
A 1330 1023 6 453 1 31.46519339585624
A 1745 423 10 758 3 37.25077008605889
A 292 195 755 118 2 48.20580119897157
A 7 793 462 166 3 16.990676404240126
A 54 431 911 398 3 41.03807189126992
A 721 739 1005 203 2 54.97294639167881
A 391 322 210 136 3 52.91599853016165
A 224 49 67 241 3 35.38233288411596
A 1761 612 1638 1050 3 47.61969066033238
A 1109 371 834 52 1 31.814582032971632
A 599 247 574 144 3 35.70738167534683
A 895 1057 1817 619 1 25.965106922762562
A 102 873 576 798 2 15.923944261613439
A 93 1040 462 826 1 26.28166142366958
A 647 533 959 837 2 12.437732452742454
A 798 1072 1566 840 1 44.29561575055186
A 1625 746 1713 222 1 23.039002985991
A 5 600 1340 589 2 41.51687853133296
A 1401 151 660 42 1 55.11968595780578
A 1451 831 349 675 2 58.5144176467819
A 462 910 737 110 1 6.040502965435621
A 1582 188 1325 169 1 11.863246201601426
A 1237 298 1635 881 1 28.191354342938276
A 485 228 927 603 1 12.16976641568171
A 1293 833 689 727 3 33.56895647019959
A 1370 311 1706 634 2 16.344836357384814
A 688 1050 928 744 1 47.24941158094594
A 906 887 1456 475 3 51.280070074340614
A 75 969 1434 132 1 8.275335934446694
A 1799 78 1845 1079 2 56.230513999059916
A 968 812 1035 821 2 14.706828843394543
A 794 732 1066 232 3 46.054067308440445
A 615 208 1148 798 1 18.155017524557085
A 1487 601 1640 438 3 3.6782983769765742
A 1644 668 842 309 2 23.886677187611735
A 1157 919 349 693 2 59.798072746744644
A 918 700 877 358 3 2.089357678229198
A 918 108 1056 1031 1 20.789643528066897
A 243 914 1323 309 1 41.604424711866216
A 1025 128 1253 735 3 56.03317299537326
A 111 206 815 297 2 51.62944573256989
A 1018 610 472 690 1 43.110013859482414
A 1565 390 471 311 2 9.915211686124776
A 148 199 478 943 3 22.15415286909997
A 1852 313 609 936 2 5.09506326984273
A 306 543 523 48 2 33.48466084481015
A 670 38 1335 269 2 4.415504084050621
A 347 829 1445 616 1 2.9514807680158595
A 538 666 369 739 1 13.208619630928318
A 1702 643 1735 374 2 49.38185846109256
A 882 447 1534 948 3 50.65512185738571
A 1645 1015 1842 416 1 0.8417486124578444
A 430 9 118 139 2 30.18932118812228
A 1413 564 1817 460 1 48.829583484212165
A 309 91 288 882 1 39.816939958942
A 1253 914 1102 4 3 10.162502863885265
A 558 23 518 730 1 4.507214400166937
A 1839 826 1244 999 2 18.42444170960179
A 1720 241 295 269 1 6.443165332128318
A 108 848 760 85 3 47.91426373369218
A 1554 531 826 532 3 57.79468851884024
A 1402 144 1684 741 1 7.922946644548084
A 1626 753 889 639 3 32.63377036891945
A 791 726 785 725 3 6.923590185615149
A 859 182 1387 272 3 45.87669349933296
A 702 287 1040 575 3 46.16626735412048
A 1542 968 780 102 3 3.6577727259840365
A 1816 490 503 733 3 14.377934107217579
A 1403 1041 98 960 2 30.1375028996259
A 1594 1075 1167 99 1 57.73470814661392
A 843 1074 1673 629 3 30.479639429621812
A 116 328 1446 709 2 5.434590563218322
A 1223 703 796 421 1 53.69140273733396
A 795 819 1492 243 2 17.292667505118892
A 1800 177 1340 618 1 18.1169502172787
A 1422 649 401 687 3 40.87719832549414
A 1851 1078 201 964 3 5.578457837524484
A 671 834 386 281 2 58.43132515538939
A 470 407 1599 1080 1 48.88994648950208
A 1054 383 1857 786 3 9.699723776169936
A 128 456 1687 182 3 48.093903682633574
A 680 716 330 735 2 12.373071185566896
A 801 886 745 381 2 48.87219470168086
A 1697 586 913 479 3 32.502087101066195
A 349 379 1153 313 1 35.463429906994904
A 111 260 871 59 3 28.600762624438314
A 556 58 1509 818 3 34.31218720757223
A 641 838 1142 580 3 52.04847218581823
A 88 116 1124 489 1 17.039655151476516
A 1131 709 1131 948 3 6.513387775125166
A 1524 453 1847 610 3 25.195967545463784
A 335 225 1349 196 1 3.540442040537104
A 747 932 1615 421 3 20.71047092039174
A 302 22 1551 241 2 12.415650379195245
A 1720 1040 1213 237 3 38.66410807270445
A 8 270 841 763 2 57.56082177387586
A 1334 383 1470 1035 3 35.25198431483276
A 362 925 154 563 3 1.4496805473877106
A 876 91 312 984 1 23.49182743171147
A 1030 687 283 623 3 53.27382602809567
A 788 848 404 349 1 31.177649289550537
A 1830 896 1330 71 3 48.98012258555318
A 282 433 188 287 3 18.80706363015434
A 515 131 470 1057 1 32.33933775488987
A 410 147 277 944 1 31.65308835963088
A 1098 839 1920 525 3 41.087653356195304
A 1404 259 1860 879 3 8.30856539228071
A 1377 727 1034 1011 2 13.915981522368934
A 1717 723 127 832 2 52.91679061571661
A 1823 675 1160 1065 3 37.75946880088129
A 186 1079 1681 309 2 32.320887359852144
A 400 1040 1016 633 3 57.530089591809165
A 1905 982 951 992 2 58.30664223444828
A 540 564 1250 483 2 46.60278875091451
A 471 261 947 191 2 50.1001627597659
A 334 590 601 731 1 19.53292154895726
A 1551 778 1307 799 1 19.596436065102306
A 1676 589 1314 260 2 57.502202610408645
A 1218 399 136 86 2 0.5637279170995413
A 991 133 1312 1023 1 32.45025156309647
A 1106 525 487 874 2 58.63965805108982
A 750 990 1003 382 1 16.407974338239843
A 1437 1036 880 300 3 59.459144119152924
A 160 444 773 906 2 24.051134873414025
A 736 907 264 688 2 38.39159309824865
A 410 583 1776 269 2 29.28937291554006
A 1616 151 108 698 3 30.543419677755054
A 556 947 738 235 2 13.121072951025441
A 53 759 1128 986 2 19.298412194931714
A 1536 52 1717 22 2 13.186160269056732
A 1001 753 1569 266 2 1.2619354223897683
A 222 97 212 729 1 8.443454238425549
A 252 220 563 831 2 52.71926036575676
A 73 79 1140 769 3 46.47246290764901
A 975 525 1691 391 1 38.40722050001765
A 825 247 1679 608 1 46.05802132236166
A 959 930 725 753 3 23.45978636191198
A 1110 558 340 706 1 48.9072967422759
A 1784 240 555 643 3 14.732181584855194
A 1188 747 162 125 3 47.22712948384572
A 578 541 1166 522 2 41.128972671801016
A 292 870 770 535 2 9.227239935487342
A 1415 96 584 66 3 4.716819021407814
A 1841 941 1344 193 2 55.93394953792991
A 587 624 153 994 1 56.48919131780842
A 536 564 1862 842 2 43.04365413546049
A 1123 291 701 957 3 15.140016693864588
A 776 185 536 707 2 26.550491449017954
A 842 11 133 675 2 5.232878107212766
A 1073 753 497 411 3 52.111565952669885
A 1222 949 675 710 3 24.472932355712977
A 756 352 1543 544 3 59.88141079617893
A 1356 949 1626 611 1 51.86270831551387
A 1835 750 1319 274 3 2.87236378331317
A 1327 901 21 300 3 9.427640136869845
A 1704 796 1662 864 3 47.10818884392431
A 1709 710 559 497 2 18.551373730171157
A 1745 333 1576 571 3 15.139447265076967
A 253 139 964 596 1 59.301505056725695
A 590 678 498 827 2 52.71540886491292
A 1208 1064 121 571 3 26.29019070096381
A 483 25 1639 1009 3 32.30964215734655
A 39 610 1705 653 2 20.67076729510131
A 749 538 1249 997 1 52.475711514540144
A 914 61 1355 168 2 15.869809418556152
A 1750 705 686 229 1 35.19870008390071
A 1607 512 1641 407 2 1.111895506069236
A 1489 593 1187 790 2 51.69182162946417
A 458 554 148 719 1 51.63103770951432
A 338 214 1184 878 2 15.327287018342464
A 202 21 1849 869 2 13.730537283427221
A 89 1005 1120 875 1 4.054453886495941
A 1700 901 1748 314 2 39.7732214170087
A 1683 263 872 229 3 15.42569418830298
A 498 1012 1784 887 1 24.456870155734084
A 1611 836 1346 395 2 19.161113801557164
A 562 867 791 310 3 20.638645842248838
A 1857 98 1319 57 2 56.62673183713675
A 699 1004 1233 577 1 3.1289160624790813
A 1136 277 149 102 2 40.97595841818155
A 730 553 504 826 3 17.412572399137822
A 718 794 1378 958 1 46.57565909682389
A 16 412 515 600 3 59.96862820810747
A 1517 941 382 991 2 25.463475564193526
A 641 720 1677 996 3 20.0718026067707
A 1206 194 1697 821 3 37.82572271777855
A 221 516 15 44 1 46.49224701442945
A 907 978 633 518 2 28.2057918694023
A 860 382 798 873 3 40.128484828754544
A 1592 298 1828 70 1 59.223480752460276
A 1249 469 916 712 1 59.80724268431574
A 1134 786 1279 265 2 9.131807080925425
A 936 741 33 309 1 5.5191369395748175
A 40 91 650 267 2 2.064526740292616
A 103 627 426 825 1 55.04358081709792
A 230 95 360 1038 1 26.87211181232188
A 1415 1002 1836 112 1 14.522296893615671
A 1444 276 572 341 2 40.026790369593044
A 75 64 1149 301 1 9.094431657144339
A 481 478 34 822 1 0.7551906176130374
A 1559 39 29 135 1 8.662809464517075
A 1689 370 680 101 1 14.645843724074325
A 1682 1073 1748 488 2 57.22106307822724
A 1105 455 1653 722 2 16.449606964702987
A 1239 1000 1067 147 3 2.7894114152635563
A 1648 84 1584 643 2 59.68940208288617
A 1697 209 1391 368 3 52.192895936978594
A 1240 501 1463 474 1 22.467442667556995
A 515 868 755 1003 2 41.04139120184977
A 1677 578 424 863 1 35.686705681341934
A 1286 275 1481 512 1 28.88539535491427
A 730 570 666 907 1 15.106552832067099
A 230 518 982 882 1 37.21332170985218
A 1685 925 941 500 3 4.332988583123239
A 731 11 307 593 2 39.10210668446795
A 139 618 1765 1035 3 17.23130829602264
A 70 824 319 575 1 23.189015304280886
A 1635 833 860 107 3 17.743690064155242
A 1228 977 1609 778 3 6.562774992628942
A 828 357 1424 288 1 11.33576663110449
A 1465 686 1743 39 3 36.50456390467234
A 284 503 8 92 1 33.854340585572494
A 1721 386 886 1005 3 39.16270532626713
A 87 553 600 370 1 11.029538494620471
A 95 174 33 643 2 29.492073134414934
A 1421 816 1765 248 2 46.667104094033846
A 1427 1060 1241 644 1 4.444145182638028
A 1330 1004 408 720 3 21.792625877723133
A 1210 749 7 490 3 42.782204406296614
A 1459 513 43 606 2 23.41172169117255
A 1270 959 1292 87 3 16.844550117378645
A 179 745 1398 184 3 31.00982455531341
A 1081 168 1690 910 2 20.1332706110181
A 712 221 226 610 1 39.78737322696989
A 1652 42 1466 509 1 3.03523870618589
A 1866 54 1776 507 2 38.53345363465731
A 219 210 77 625 3 14.533378936302388
A 201 597 1150 657 1 14.731694714563545
A 1433 8 663 245 1 20.099682713439154
A 1696 778 667 624 3 45.5413791940955
A 1375 457 787 584 1 12.633247659681777
A 220 469 283 887 2 19.753924769875173
A 308 472 189 22 2 23.952970184015385
A 37 356 1610 547 3 14.532189289243984
A 175 1052 1262 690 1 21.870453723711417
A 1430 478 1361 619 3 0.8375423044931063
A 1787 679 1145 595 1 26.585952627673088
A 1514 916 892 682 3 13.776507267388169
A 1456 1019 1383 374 1 5.899445440889924
A 1148 979 1916 836 1 29.022349283391097
A 185 736 1547 377 1 9.852863717882816
A 970 802 550 169 3 54.759837286319254
A 1737 356 294 706 1 12.220166875782665
A 1759 1078 972 343 3 17.204375678906153
A 1183 91 1317 585 2 55.610064256466806
A 1492 722 454 96 3 15.677643700115462
A 462 314 551 853 1 20.250864516227654
A 747 981 1037 47 2 52.35238097793738
A 1335 288 1206 720 1 5.6464035863988045
A 929 299 421 879 1 45.524777271218
A 1716 189 182 822 3 45.743675919086925
A 1317 383 203 221 2 43.30341367054956
A 1844 182 948 188 3 0.2906274132443265
A 637 337 528 743 2 24.262905251988656
A 621 938 684 120 3 38.11366804686604
A 1836 38 1086 801 2 57.50687085541303
A 1201 917 649 143 2 56.033756240055
A 1726 678 609 636 3 5.451198131785517
A 1426 100 398 65 3 39.62061833366042
A 737 755 339 237 2 39.853945399221885
A 795 125 1313 236 1 21.09115483046884
A 1568 301 1479 213 2 30.47605662703012
A 1862 1028 1290 1028 3 43.236439189312385
A 1318 1038 1257 78 1 35.54762077170765
A 385 619 297 79 3 35.244552949926195
A 392 860 643 656 2 18.381880233222503
A 1469 722 1863 529 2 28.388079162005642
A 1412 519 1168 926 2 54.06706662125781
A 1788 616 1238 592 1 18.04097064901328
A 1054 401 1527 172 1 0.6916859317653046
A 503 372 1415 320 2 27.23354413434283
A 1240 278 1918 831 3 57.386681633044844
A 547 584 363 965 2 40.322703562755386
A 1135 261 1253 937 1 52.579912706041355
A 968 815 70 78 3 2.7092014760656857
A 431 520 1141 227 1 18.232315479613675
A 60 930 247 602 3 18.475155381468188
A 1033 292 616 852 2 1.9790893256263309
A 51 1 625 1044 3 7.164577851565188
A 1011 658 167 1040 1 35.03357849843685
A 1285 43 1182 833 3 14.835577568393957
A 1475 434 622 640 3 3.207793103885792
A 1151 304 1669 503 3 48.80752165566332
A 647 241 298 419 3 40.3596930356046
A 1046 418 48 353 3 22.493474727989167
A 781 103 1794 512 2 52.1814618866899
A 1397 995 1018 602 3 11.880198980305895
A 1655 651 55 659 1 0.48927559664553755
A 956 937 1029 931 2 21.77963662608748
A 57 1058 1738 1053 1 29.450277156815524
A 1171 863 1721 124 3 26.287136266432615
A 723 388 1830 124 1 7.896688336089603
A 1465 412 1679 903 1 41.06590368063358
A 1266 172 1593 282 3 30.372092296182775
A 882 422 49 321 2 40.56735757465361
A 1252 781 1194 517 2 50.48672288353708
A 1625 849 700 423 1 4.020391375685284
A 1448 954 670 747 2 53.61422220022803
A 1644 593 1754 664 1 32.78185992708924
A 1076 1051 158 462 2 7.127645815329748
A 1556 705 853 254 2 13.419228238328918
A 1910 642 710 593 2 45.24643315602542
A 902 74 615 249 3 18.706750193238882
A 440 680 59 1037 3 7.404813599833108
A 947 791 128 551 2 6.590598128374876
A 528 688 619 201 3 0.7650441135050046
A 209 808 1321 885 1 29.668993003345534
A 1860 194 433 860 1 8.446911905678105
A 476 998 855 856 1 29.28338509742181
A 1264 848 1806 721 3 41.663629767364725
A 658 608 531 339 2 3.5017381932251146
A 1583 726 586 730 3 45.89349922358077
A 174 364 759 465 1 32.12377826274977
A 950 39 112 666 2 54.99233229856067
A 1916 224 168 959 1 4.525292416114097
A 1709 765 1390 121 1 58.60814723851379
A 528 45 689 378 1 42.33873264881979
A 471 851 1400 761 2 45.18048341588208
A 840 412 496 473 2 53.09732651262753
A 1417 295 1407 47 2 7.1514079794152625
A 604 507 50 794 3 28.32555148050728
A 738 441 124 329 3 55.128206581921106
A 272 709 57 808 1 34.51707578560075
A 1760 569 1784 526 1 9.839595419626711
T 500 400 250
T 1650 700 150
T 1150 350 200
T 600 750 120