A 1012 726 988 661 3 48.49727098871994
A 694 67 1524 166 2 39.79907017340568
A 541 586 448 14 2 30.2163386746007
A 325 185 586 307 1 54.499943897885835
A 834 664 1903 372 2 4.20203875491999
A 264 241 1437 663 1 54.91326838189822
A 673 520 1013 141 1 30.243591248992086
A 1722 1015 1800 476 1 15.132540063350978
A 804 1012 971 551 2 36.32503906658542
A 1112 74 1916 811 2 24.15948966897609
A 370 903 571 478 3 23.548663895648307
A 541 814 958 753 3 50.311101484871415
A 1667 61 1747 505 3 14.182574821982376
A 757 296 77 207 1 0.34297273418235186
A 1369 198 1629 413 1 45.22859498767942
A 499 1012 1737 333 3 16.850900499433916
A 622 194 952 1036 2 4.2349861510002595
A 1318 299 139 161 1 25.172350244765077
A 1781 18 1384 173 3 55.70548929862315
A 1521 941 1169 1069 2 24.51550605858997
A 1180 535 1424 453 3 10.531829496536071
A 1344 205 1441 916 1 49.56269100864142
A 819 361 1126 696 1 21.151912172037804
A 520 955 1255 264 1 19.547086929619454
A 843 1 211 362 2 2.4812341138326
A 1893 471 674 405 3 41.64886698833107
A 242 813 1188 517 3 28.342283699320532
A 274 684 1912 253 2 2.192748069285675
A 1222 729 959 504 3 9.949011406686026
A 1714 1038 1661 1066 2 53.54725641131485
A 69 182 511 723 1 20.01029612058923
A 737 553 1458 424 1 32.28767955542876
A 304 735 1148 869 2 39.082430657940016
A 960 69 383 332 1 54.98199925266596
A 1537 626 41 491 2 49.85890337969607
A 334 10 1412 586 3 52.20904440344613
A 641 859 1101 739 3 22.89145383596015
A 458 370 1216 628 1 52.91148732861807
A 256 566 252 858 2 52.4039351123034
A 1908 793 45 305 2 54.62343693860683
A 912 986 1642 898 3 7.720295402226649
A 651 589 239 379 1 3.877552675049405
A 235 662 65 404 3 35.4484115949818
A 880 523 1553 1034 1 16.590348405427275
A 494 128 148 903 1 17.189629475491838
A 797 617 1524 1075 1 15.260386744693754
A 979 332 96 615 2 17.911665303593168
A 763 218 1531 825 2 14.982683580263384
A 1825 306 1471 654 1 15.591589441272607
A 1441 265 1559 925 1 45.18344756426859
A 1297 575 91 850 2 41.385367850038875
A 1221 167 1095 911 2 57.93953115162829
A 240 7 1172 172 1 48.14692240665866
A 1900 84 1581 1049 1 27.987453855829294
A 552 1061 935 78 2 24.883342279377125
A 963 802 1521 953 1 27.160830636590337
A 1887 232 1033 205 3 0.6674956106140817
A 1288 824 1068 410 1 38.663900197393765
A 1830 213 1042 223 3 51.588952941540065
A 1142 1043 92 437 2 3.6030010564762693
A 939 100 287 301 2 45.05916682861691
A 108 765 656 82 1 9.391151221121117
A 743 500 1212 99 1 14.854160642671154
A 432 928 238 839 3 17.485485367242877
A 330 657 1821 966 1 22.455335769302067
A 1500 933 420 58 1 17.39442663020737
A 1184 841 914 1070 3 9.912321421346327
A 1459 399 1797 916 3 19.253764097935942
A 82 254 216 5 2 4.394793266264346
A 1543 982 1018 1030 1 1.1773651965343634
A 1530 1014 457 513 1 23.196710137968864
A 149 158 626 179 1 16.808236157618673
A 488 1030 416 92 1 41.581618166776
A 1129 1041 867 659 1 25.54633639750414
A 1232 161 1237 407 3 49.68196754404465
A 841 946 934 729 1 4.189313465183795
A 1075 448 13 846 1 34.10963664641746
A 1918 1018 510 681 1 14.966453392801974
A 444 311 421 265 1 34.562307527757824
A 1365 721 1042 649 2 36.46731754951074
A 866 626 1563 1053 1 30.148837534691143
A 1434 135 1718 780 2 2.2548695079918324
A 362 68 1475 1052 1 1.7015894816944699
A 226 330 1537 109 3 0.7749615187844938
A 627 593 1310 288 1 47.1266827772815
A 1581 869 995 394 3 2.4931034447189493
A 282 542 1093 299 2 4.245621209739814
A 277 177 1728 1028 1 16.26846596759062
A 1864 682 1286 1041 1 15.028778139573554
A 783 289 260 541 1 8.103485630270983
A 1659 604 844 629 3 18.22642583243917
A 1301 152 1027 4 1 50.46601146871425
A 168 633 1563 849 1 5.692336771044737
A 1158 401 770 586 1 6.041054768915344
A 570 223 746 427 2 23.598437715635797
A 759 171 518 643 3 30.982785724962678
A 1807 969 140 500 2 54.26123106090467
A 962 318 659 15 3 54.49368831246613
A 641 958 1857 952 2 40.39986164527191
A 572 65 407 545 3 11.165917295196524
A 408 98 310 1076 2 5.496558499198563
A 795 55 1823 609 1 15.559877416371856
A 1187 1019 461 352 1 3.8013470606795696
A 1737 527 1802 405 3 9.276122650093793
A 1614 4 311 903 3 45.23936663524714
A 768 1070 1374 873 3 2.2355392886854486
A 657 664 189 368 2 0.4182333429509222
A 64 842 850 440 3 39.051513502497116
A 1675 256 185 391 2 59.49829318903006
A 1586 923 1188 873 2 1.032768590094495
A 1480 601 1082 597 1 28.30885247956931
A 959 899 1090 1079 1 54.955688968374744
A 454 330 1183 862 2 6.830456800432954
A 1027 434 884 230 2 22.862251366912567
A 56 1024 1141 412 1 31.874862784482513
A 1618 732 931 461 3 25.087368633492055
A 1837 920 372 975 2 56.35270526161166
A 1824 15 610 227 2 21.778560488158533
A 896 68 1864 487 1 24.992209550709784
A 1799 580 456 427 1 30.57388400331065
A 979 93 463 517 2 54.4396780624838
A 1365 22 1619 124 2 12.185024090669277
A 1641 583 144 94 2 36.48287322987114
A 1104 401 35 692 3 7.057374579650499
A 459 577 210 41 2 39.353707862319354
A 1539 48 1331 490 3 54.625319809929465
A 160 681 1260 978 1 7.354329337792846
A 325 1007 1782 650 3 14.327334505690548
A 1648 484 957 620 2 56.05481131170395
A 691 858 1542 290 3 29.891481428833252
A 1789 128 982 666 3 7.769444384036406
A 1487 926 20 622 3 32.390265888145194
A 1450 636 203 256 3 20.427134661383597
A 1267 318 1449 113 2 33.22396173681103
A 222 1019 189 511 3 6.685996685025309
A 948 786 857 673 2 51.97114427494554
A 1306 305 1376 214 3 17.795355551339888
A 434 126 102 963 1 2.201002045536904
A 1441 855 193 514 2 42.823040295885264
A 1778 385 1622 549 3 11.618200287367017
A 794 163 1761 822 1 39.80954290631577
A 407 703 1227 775 3 43.85721153018632
A 1711 66 1244 16 2 21.42125969405576
A 1248 433 1320 445 1 22.31242769349334
A 69 581 1760 512 1 37.85970677833931
A 1794 533 1653 2 1 19.272400471502216
A 501 901 701 619 1 5.147802775106316
A 448 128 1034 870 1 8.230890517220924
A 944 1013 1300 483 3 51.276654139832274
A 109 437 1834 511 1 4.865003085745436
A 239 377 1092 761 3 39.448643931015056
A 177 216 1444 207 2 24.010929220704536
A 288 358 714 375 2 17.48555457936938
A 502 230 274 894 2 36.241703565729246
A 664 68 123 292 2 37.094343451706195
A 848 487 980 876 3 23.335132574691315
A 822 755 940 183 2 17.262974451030043
A 1094 805 195 63 1 3.0587737563524064
A 1113 234 741 922 2 26.01265273883031
A 627 523 759 193 3 0.790111682895438
A 1185 977 566 814 2 26.033095744339754
A 1020 701 1314 799 2 46.044245597541455
A 62 151 66 11 2 48.277962873967056
A 1202 1080 730 332 2 22.86607104950841
A 519 505 866 325 3 9.456847499324097
A 1117 602 420 777 2 32.182630479863384
A 1808 1011 31 800 1 22.231611999624395
A 1449 367 473 38 2 32.33087071104731
A 1624 746 1587 304 2 12.36904877711539
A 170 959 1468 1003 2 4.26781511927119
A 1546 477 884 1051 2 42.76695520196853
A 1434 791 488 758 2 54.10587178168523
A 509 962 1394 910 1 21.68043752068463
A 1219 689 1316 1079 2 37.48079947442344
A 1044 317 1159 249 2 54.528196092861016
A 26 686 221 598 1 54.64336648218343
A 853 365 1691 962 3 57.86934455581404
A 1423 831 465 1008 1 23.568536271664712
A 1550 798 290 344 3 49.206186286691505
A 1334 487 1549 862 3 14.685254709022681
A 996 219 642 985 1 50.44365321842865
A 511 123 1811 242 2 57.49372875068045
A 839 767 1262 992 3 15.29542220823961
A 736 75 561 954 2 51.11465970601226
A 1364 623 167 25 2 46.50377993194155
A 1638 158 572 431 2 41.764571145797916
A 784 843 553 59 3 12.018681520627474
A 1762 150 1830 986 1 56.740385261602654
A 1454 75 455 124 3 43.92781377108514
A 822 681 1240 365 1 51.67305855047187
A 279 781 364 743 3 3.6068176640067784
A 501 271 935 454 2 47.06795319637528
A 795 250 1558 819 2 27.639494680287648
A 1710 181 653 380 2 59.72930592701934
A 1200 813 1774 34 3 48.69618659150975
A 1200 375 529 928 2 17.124557792957788
A 545 711 603 766 3 18.550525091845028
A 1276 727 380 237 1 4.666591287380983
A 1642 50 1326 275 3 47.777890533737654
A 192 712 1249 622 2 54.75459106538174
A 1856 928 849 565 2 17.733174048031632
A 246 102 1647 898 3 59.107929487663704
A 418 442 70 175 3 35.273645901517476
A 1606 350 1888 697 1 48.88261176458683
A 1602 946 58 617 3 45.234615547773565
A 1435 220 1154 335 1 46.046952822232356
A 1099 945 1288 15 2 10.847325583733411
A 981 540 1026 108 1 34.37772126195497
A 425 723 417 392 3 22.195916269369093
A 313 697 243 379 3 2.1715876090710284
A 1421 67 1811 1079 3 30.49592738554003
A 1404 972 1701 913 3 41.29440473108022
A 1387 386 1062 102 2 55.65695125555548
A 71 222 1464 97 2 43.25398920156957
A 435 786 337 917 1 17.96917797183696
A 1463 927 374 597 1 50.63683313263054
A 85 823 783 656 2 45.63386856237871
A 1097 815 1350 934 1 32.72313361351226
A 1686 212 651 138 3 4.853269185279466
A 1890 205 188 931 2 2.993476511066102
A 1544 977 301 1069 1 47.952922497334534
A 1139 636 857 432 3 4.6811432571050755
A 1895 237 1821 800 1 4.131649282472052
A 1359 452 200 862 1 35.902339351098256
A 1264 800 538 8 2 1.5686483114697358
A 1633 679 1291 184 1 35.64353364897557
A 860 964 100 151 1 29.728841508453563
A 1 36 1375 583 3 6.9558718632199
A 1804 599 643 581 1 28.264576472455815
A 1273 629 11 485 2 20.13543421211394
A 792 876 889 946 3 41.223993338840984
A 597 566 569 446 1 21.84543999415391
A 641 177 502 408 1 34.71524660903819
A 926 728 165 501 3 25.970134225285438
A 619 253 1535 442 3 40.863828912261646
A 314 448 224 585 1 18.656406680703725
A 165 106 1021 704 3 52.73163195945755
A 458 339 244 754 1 29.000698199433334
A 1553 500 1506 187 3 53.12506182149715
A 164 331 1182 789 1 31.92206622271422
A 271 572 977 801 3 14.36029883129033
A 761 650 1547 49 1 1.669664729392919
A 959 1041 1753 722 1 42.6425318121587
A 492 416 1309 35 2 9.11515448697271
A 1036 911 1866 55 3 6.267827700203932
A 101 244 40 759 2 37.96074762712376
A 149 1053 924 47 2 19.843750406067496
A 169 470 19 490 2 26.95665576547499
A 910 848 274 994 3 8.474637770318296
A 380 302 1049 66 1 18.11472316104699
A 1600 654 1176 726 1 54.059579667237294
A 1668 1077 1613 276 2 49.79121991515559
A 1112 359 30 897 2 18.511095902315034
A 1128 983 430 327 1 50.684152043390796
A 1489 696 1632 269 1 39.27983500692423
A 1529 206 316 490 2 24.15160713032452
A 736 959 1048 852 2 26.734666815352814
A 1834 737 70 834 3 56.853041112398266
A 258 66 705 769 2 59.67646244117005
A 1050 952 1510 854 2 16.344639918387625
A 53 980 501 684 2 29.595348758775796
A 1095 557 94 239 2 21.11365631338537
A 72 242 952 128 1 29.642933273217245
A 1503 248 1101 601 1 28.287347490972632
A 871 962 372 820 2 2.4712172005397814
A 17 101 483 901 3 55.39116477495569
A 1335 386 987 775 2 55.6094754081135
A 1491 578 835 248 1 44.72970725722709
A 1119 43 1024 174 3 44.37113516719387
A 1659 736 870 384 3 8.090044635962395
A 1775 977 1693 968 3 27.088052620230787
A 668 726 993 813 3 2.376984246341094
A 1341 379 212 587 2 3.3971431177289135
A 10 192 618 969 1 40.788256802432514
A 1576 207 771 4 2 31.173153142713034
A 44 472 484 984 2 6.90967118537996
A 658 866 918 89 3 26.281310231756695
A 718 79 1451 66 3 13.853623852007553
A 1358 502 381 253 1 48.80843350312718
A 965 500 1006 91 1 33.52860147518761
A 1003 404 908 303 3 42.15523720042627
A 18 598 653 836 3 44.62077398473828
A 977 691 1484 323 3 12.125212426239163
A 1410 1055 839 446 2 31.788629505931453
A 486 331 1337 71 1 45.48148363618638
A 501 792 251 530 2 2.1566515919338514
A 325 180 1169 533 3 5.78477304635344
A 1680 443 921 524 3 54.1052869245676
A 1813 878 1501 542 1 10.257802732847804
A 284 812 59 57 1 52.34136951956794
A 27 214 431 180 2 49.54138680288873
A 1033 451 1527 951 3 11.181084518622795
A 1810 911 9 955 2 20.80538689125498
A 681 303 1351 239 3 21.835180603569874
A 591 733 1890 756 3 49.75690190450436
A 141 127 1062 946 3 15.13341596002417
A 1558 232 1802 473 3 17.502099443824065
A 1408 825 1188 947 3 32.66740306517187
A 1404 346 1729 121 1 8.941764044548517
A 1418 793 318 630 2 50.36667502045085
A 301 404 510 455 1 24.116416960698302
A 909 225 1738 1020 2 29.58312243289981
A 47 947 438 684 3 36.23803979727608
A 1035 218 541 690 3 8.218567835087624
A 142 724 1445 438 3 42.58647297316402
A 1545 191 850 532 1 42.86482442985378
A 1708 809 274 491 3 32.93261781763869
A 1270 450 824 508 2 32.84748212090422
A 845 627 876 478 1 44.16598418976323
A 1548 373 588 327 2 6.762056572639987
A 1248 870 699 394 2 38.27088628588199
A 296 986 60 332 3 10.418610939682395
A 397 910 406 640 1 17.490213007462067
A 824 212 646 943 1 13.33716062102942
A 665 829 1711 467 1 56.62275268726957
A 633 556 1234 5 2 59.4560716895993
A 1844 123 1047 51 3 6.955346496234438
A 1646 654 1615 736 2 53.57473043251194
A 1850 424 713 1076 2 23.61342606511324
A 826 159 1815 792 1 54.36702498938474
A 712 462 649 725 1 51.574009018151344
A 1622 342 1721 1051 1 18.41995083343354
A 1628 615 1588 930 2 20.81154886965902
A 895 492 1671 373 2 6.992139332946284
A 579 761 37 1027 2 21.19115024749743
A 45 10 1893 15 2 33.731222808700615
A 697 1012 1801 429 2 4.103740347907667
A 1313 630 1751 565 2 13.311243604684917
A 1688 250 947 434 1 0.3725739383029558
A 262 664 560 284 2 24.31600472574039
A 1868 911 1163 574 2 34.764673650633725
A 1693 441 1400 87 2 56.81187208264053
A 33 685 1875 512 3 32.59417253505339
A 1499 122 1358 156 1 30.766216112586008
A 324 141 1283 693 3 45.5674606539756
A 234 592 1150 1062 3 57.45518536368048
A 1287 835 1308 595 2 34.614422409922426
A 276 662 105 1023 1 9.016236235601355
A 907 387 156 791 2 29.28454379118065
A 1906 515 1865 149 1 2.285686621578409
A 400 684 1064 511 3 42.13431011593496
A 819 109 1096 338 2 50.659254745701446
A 527 601 1716 667 3 0.07786922610893532
A 733 841 1500 808 2 20.034474197349365
A 1635 415 1443 444 3 34.99959981134527
A 1670 726 570 422 1 51.81708575793467
A 1197 165 1201 979 3 29.509045215747122
A 1821 66 637 929 3 48.073805914540216
A 1248 953 408 391 1 7.213016030193938
A 150 145 1721 651 3 45.56030517860013
A 595 804 516 1059 2 26.00602386953317
A 1430 1058 1298 661 2 53.82224926866348
A 17 1078 956 842 3 26.390068538160005
A 1742 627 1847 408 3 5.128526422117952
A 1355 842 313 804 1 26.55556389048575
A 826 632 403 734 3 37.82346905065139
A 570 179 1230 77 3 29.2460134502976
A 1791 909 567 251 2 19.35635393175924
A 1859 318 177 180 1 0.5129722492541355
A 888 807 572 760 3 56.009776468537545
A 1107 841 1055 552 1 22.287851451558794
A 416 635 1036 328 1 2.0848287895829865
A 1462 721 12 429 1 25.952955873816727
A 1196 908 1449 397 2 1.063756478416391
A 664 586 1426 753 1 4.899176259120099
A 511 259 798 463 2 6.817388969312241
A 1823 427 1031 627 1 26.04570115341691
A 1262 838 1477 321 2 50.0036191065403
A 1349 15 475 712 3 30.94152847136015
A 752 348 1176 208 3 42.02488353620385
A 1181 818 400 903 3 3.907283794702081
A 465 1050 341 341 3 42.53425445141549
A 711 396 1500 399 3 31.64875383433733
A 1068 530 1450 874 3 1.7530179139016488
A 457 495 569 206 3 13.201328999366229
A 632 554 1185 864 2 18.185219679739262
A 1578 828 394 863 3 46.35307746030733
A 992 914 407 940 1 40.67273867672601
A 1374 863 1626 1031 1 50.3633007750215
A 1245 989 1757 217 3 7.862213960222347
A 1373 961 1465 688 3 10.415123167641319
A 157 710 695 916 3 52.77470255892587
A 382 541 639 938 1 52.235749435975336
A 106 479 502 64 2 4.30031711396073
A 898 257 1709 657 3 31.349522475830984
A 691 772 1729 392 2 35.011294365584895
A 1490 443 602 791 2 57.195275971681504
A 896 704 1892 975 1 25.764095612154993
A 204 193 80 504 2 53.36603875035154
A 1648 260 1213 956 3 0.27824390568840895
A 1239 91 606 270 2 3.4930518043446956
A 631 162 1621 68 2 49.012251753217974
A 85 840 992 1 2 12.240652245499895
A 1038 746 426 980 3 57.15299406220812
A 1815 11 1108 385 3 8.85766296225607
A 285 837 244 689 3 39.7399181437366
A 92 569 663 156 2 57.323891643537756
A 617 476 613 46 3 45.35431368505385
A 138 597 1734 1013 2 44.946450926390064
A 1727 508 1331 623 3 47.745711037926185
A 1652 945 965 518 2 59.17684809624116
A 1000 780 359 818 3 35.74172581481567
A 1154 285 1501 412 2 9.913857197901974
A 1869 598 774 568 1 17.62962713814655
A 312 558 172 927 3 48.4508155350571
A 1484 28 1916 12 1 4.583563256520733
A 1225 893 950 554 2 4.619361165212547
A 1182 665 795 926 3 2.2354490228542923
A 927 237 688 371 3 59.17328998602571
A 522 826 1281 941 1 50.720645224706644
A 244 475 697 887 2 49.183844861728176
A 1258 196 558 834 2 28.9007630555739
A 158 597 1148 1046 2 49.67151969572092
A 684 314 1819 31 3 13.262795772409412
A 1768 1006 1195 986 3 57.73399713518724
A 839 582 785 6 3 0.0719355562370394
A 1027 66 1019 1056 3 30.738601391716305
A 1063 202 1643 1058 1 35.384560911144185
A 164 756 344 801 2 36.456155058212445
A 146 271 1598 45 1 5.659052577446319
A 1391 636 1113 794 1 7.611660637100785
A 91 657 445 354 2 33.92266803599225
A 1593 706 1040 931 1 28.67056231552304
A 790 764 893 657 3 56.45664346739448
A 1704 90 516 902 1 23.17401221788218
A 868 233 1452 83 3 19.473753157613494
A 390 276 1022 817 3 7.1190824623963405
A 360 1001 1016 24 1 36.10519629702458
A 863 440 49 549 3 40.178130905399016
A 1391 719 1572 757 2 36.09300805214684
A 854 38 860 176 3 7.730911901303736
A 1448 1021 1302 172 1 24.86604905013663
A 124 676 1458 977 1 39.80692070741049
A 138 279 1756 1039 1 56.881485926066105
A 1080 605 403 794 2 51.50433692566804
A 306 883 330 732 1 47.04730385027487
A 1758 420 1489 872 3 42.49530438662879
A 367 643 236 829 3 12.861800240117367
A 894 546 276 316 3 46.88688702512311
A 1130 664 1895 232 2 53.39506674145593
A 1655 1053 1873 38 3 58.449466726770105
A 340 143 1371 950 3 38.651122747785074
A 1837 507 120 326 3 22.702125436696814
A 1496 341 1067 518 2 44.98503724570928
A 468 451 908 543 2 52.94761903487595
A 1579 689 142 910 2 11.936421704144388
A 1821 713 623 599 1 0.15456327918534463
A 1294 199 1037 319 2 16.50390907759656
A 941 821 1160 513 1 21.80487151388784
A 919 93 1859 541 1 9.959602536389578
A 657 290 1119 480 1 16.63972021089237
A 1294 770 1744 7 3 12.78267488021471
A 920 365 848 655 2 42.76190862667351
A 1474 93 1704 807 2 41.41556526808105
A 1778 725 1005 428 1 27.358509246246516
A 113 325 1674 112 3 36.81556717503702
A 1754 614 899 92 3 3.35844195175381
A 1042 447 297 636 2 47.066829364410474
A 1335 376 468 541 2 28.552795539278474
A 71 956 741 794 3 52.69655702496888
A 851 250 681 766 2 34.7710221096014
A 1281 154 861 446 3 30.73381420479252
A 896 376 509 786 3 55.32213408772793
A 893 939 857 666 1 18.022313198124674
A 1777 79 833 334 3 47.10152933079464
A 1796 911 849 994 1 23.35032617386056
A 61 524 33 111 2 15.09117029319696
A 390 15 685 639 3 9.694608377400423
A 943 165 1376 666 1 59.916981254657166
A 1865 563 1649 283 2 51.337187040301316
A 1192 508 707 134 3 43.3375244321237
A 314 903 1084 925 2 36.55927995497585
A 1793 303 1896 842 1 0.3070823234960729
A 1424 726 542 539 2 14.19569306286119
A 1860 527 161 286 3 9.391878528518165
A 207 727 1630 856 3 2.859964587505568
A 1580 235 253 125 3 16.092981082223016
A 1699 510 1429 133 1 8.886105344171147
A 1633 439 1558 294 1 7.521647862776204
A 1245 571 361 521 1 7.76809067701169
A 1209 385 1453 223 2 52.72959095817846
A 440 1075 1775 865 1 27.477987727284955
A 603 478 91 219 2 12.37159188828987
A 1899 320 1382 637 1 36.24442773479649
A 1154 216 1064 42 3 59.83436677995179
A 1597 251 373 42 3 17.539946553483635
A 1155 1021 1190 449 3 0.24967959911993187
A 1438 607 1579 382 3 22.06709814030137
A 678 1042 1277 790 1 1.434487531092925
A 842 222 1211 231 3 27.33688333915908
A 386 623 757 69 1 23.136330347638868
A 1728 987 557 332 1 41.925407162845964
A 1651 431 604 261 2 17.78802037859859
A 1411 159 1414 362 2 57.64417809098875
A 1579 386 492 278 2 36.16731223582767
A 387 1040 1788 59 1 5.36963142458414
A 1856 149 471 424 3 43.640415592174975
A 1604 1029 35 524 2 54.94822873926017
A 147 732 378 492 1 19.903023202148542
A 319 731 1904 800 1 41.47799555196306
A 390 310 1717 988 1 3.561849261360577
A 771 212 1505 198 1 57.43893323610031
A 1128 966 1216 242 1 52.53983343631498
A 1634 106 230 593 3 56.31277333352015
A 1339 184 1500 24 1 20.539990712723394
A 1715 647 1664 446 3 52.205871581340716
A 1070 953 1170 955 3 16.099972060255702
A 1036 5 492 317 2 12.207062191193783
A 894 991 952 796 1 28.127744898744673
A 1623 786 1230 803 1 24.350619087224793
A 961 839 1893 463 3 9.52624092158719
A 791 261 1540 697 3 38.48790210878073
A 1085 575 735 189 3 20.44223589668095
A 1837 582 934 719 2 47.70125696502125
A 140 198 1377 1060 2 37.504226628957
A 1406 383 883 152 2 16.158474584719663
A 1461 938 975 587 2 9.723415185382116
A 1321 900 416 368 3 45.52236761667041
A 132 980 1714 123 3 44.01258025697773
A 116 364 1192 828 1 54.77939445106271
A 1911 799 1516 161 2 51.39171693678224
A 188 817 169 524 1 27.525251465877233
A 1746 512 1595 689 3 45.48202907168007
A 462 633 159 639 3 56.034064786016586
A 1442 677 1285 559 2 11.726041430415112
A 600 497 1576 56 1 42.083790181319436
A 821 285 1076 365 1 19.151839847375506
A 1694 770 1094 1041 3 59.200770972498276
A 624 970 481 561 3 0.6673409115901907
A 1583 1056 469 724 1 25.755760154721003
A 1663 248 484 944 2 17.27340721794803
A 1771 863 1745 533 2 40.52416948123453
A 382 255 1727 287 1 27.361812930643204
A 940 846 1863 762 2 42.96325456013259
A 201 658 356 665 2 24.825740352154433
A 1207 917 1705 359 1 50.08227046965494
A 951 1008 1917 960 1 7.989023636993169
A 1582 133 137 45 1 58.244531499920335
A 1558 871 1596 452 1 16.52025363026779
A 1402 727 1195 569 2 21.253846403859363
A 920 742 1911 500 2 20.233149189921253
A 1092 206 1693 739 2 42.483641893260184
A 1646 902 1718 195 1 41.137506441429615
A 929 356 210 1026 2 35.93518154282116
A 1885 163 1532 999 3 59.75035186871086
A 717 273 711 461 3 42.2978619525944
A 80 861 1789 974 2 45.50316117318008
A 1406 269 1007 825 1 20.357616067807307
A 1414 968 546 275 3 29.303239064934104
A 754 30 979 224 1 10.77473175457646
A 446 588 1510 227 3 49.477451468959224
A 1864 50 1224 1000 1 49.36917742271458
A 1780 744 1910 407 3 6.757211070234392
A 121 623 772 677 1 4.399483367660093
A 110 852 37 523 3 2.434275612857042
A 1133 372 672 385 3 46.22485965227404
A 1815 506 536 1027 3 57.05256614797818
A 633 478 1850 401 3 56.16197983047881
A 864 406 655 1050 2 48.603282613141
A 179 894 425 992 1 46.111609670319204
A 1276 742 1527 200 3 28.361175659027992
A 552 513 620 696 3 56.96284441219054
A 663 626 112 453 2 4.785806337918695
A 261 714 872 801 1 35.12719058853151
A 1366 312 981 138 1 56.66122295312223
A 265 191 1787 943 2 16.54519238052767
A 1856 55 716 642 3 24.440840985193983
A 1745 170 1401 782 1 10.03471827144353
A 369 455 513 863 3 13.399632856124422
A 1534 96 1559 751 3 47.48858887244485
A 790 423 1675 305 3 48.90941259633538
A 1445 1003 1731 266 1 51.47161563963814
A 1547 502 1229 606 1 38.536154412309344
A 1615 362 1462 998 3 20.192911701148212
A 1013 1018 101 236 3 8.814778446924516
A 363 365 617 356 2 59.13840762907945
A 924 233 449 646 3 9.89239915726856
A 1022 456 1671 314 2 38.00992179790596
A 264 1030 1330 213 1 45.832132330260265
A 1174 454 365 540 1 58.72529861663812
A 1374 323 957 133 1 42.48176156219796
A 1080 528 66 1070 1 10.059522950254918
A 827 784 791 344 3 33.04843135781218
A 897 750 684 59 2 7.676861724792603
A 1516 726 1059 138 2 42.97107964869248
A 35 883 502 978 3 21.373955115386117
A 594 998 1756 610 2 33.610173548699755
A 284 701 1674 768 1 53.13243839182591
A 1183 194 1742 395 2 50.91847027662548
A 485 297 1217 471 3 23.684430240851476
A 1847 291 1094 135 2 47.4556318837537
A 1606 773 584 178 1 33.51063928644684
A 1523 868 1697 166 2 12.45666713890847
A 500 64 403 744 2 47.264085823689044
A 1402 77 1884 840 3 33.40015055521008
A 1440 61 347 126 2 6.460834838456986
A 893 761 1167 530 3 58.179484551794495
A 856 175 694 99 1 16.800097954202165
A 440 821 1483 1004 2 16.837773741561172
A 1258 28 1612 241 3 35.25855681944348
A 888 733 196 925 1 57.83607607592457
A 733 899 65 210 3 45.531840365654716
A 611 76 1096 142 2 53.69988313021989
A 401 1046 399 184 3 34.612733608320134
A 736 540 1465 810 1 10.918717513953842
A 978 519 710 742 2 22.77327968769967
A 1250 690 1075 739 1 6.2381434219788385
A 434 40 305 676 1 22.992054006503974
A 154 506 1688 906 3 8.34231848199088
A 1232 918 200 1002 3 47.10996860729602
A 1217 837 1658 938 3 25.33212963364133
A 875 60 231 876 2 41.553616669799645
A 934 626 310 500 2 2.4780999010018645
A 431 592 902 259 2 40.05878304623745
A 1170 151 231 1034 3 51.87908548967616
A 684 913 415 16 1 26.780628027748687
A 1576 247 1834 515 1 5.946491794104045
A 1632 92 1353 524 2 9.60646694490936
A 1185 636 422 869 2 53.7092821476996
A 1629 788 1058 815 2 2.565651012654202
A 172 461 680 355 3 55.77420843626414
A 1805 168 732 862 3 28.346049291942364
A 879 675 1628 823 1 51.68982518886578
A 1592 728 575 972 1 57.250344080577676
A 1485 767 1186 434 2 45.70073036816748
A 1721 794 117 456 3 0.6045285709061976
A 1485 680 565 985 1 50.562250368304305
A 1819 341 1639 214 1 2.5366274551935497
A 1480 634 1463 183 3 37.15065368705052
A 602 887 627 656 2 53.18167829723402
A 276 345 456 427 3 0.09220583591231124
A 761 898 1537 1056 1 18.11023216884971
A 517 823 1286 135 1 49.6890010359351
A 450 773 726 789 1 7.291099038491591
A 408 560 485 962 2 20.174600914070965
A 19 390 1283 177 1 23.954833841296285
A 24 1025 39 300 2 2.488851834468875
A 566 933 968 840 3 24.434704209558515
A 637 127 1877 534 2 25.787577578366772
A 543 444 59 255 1 48.798985396022026
A 310 189 1484 717 2 33.551536622540375
A 1702 459 396 89 3 0.8359870482110798
A 322 746 617 799 1 34.31646130714115
A 1193 371 1403 1000 3 20.736772970658567
A 544 271 1063 438 3 52.41937883357123
A 1621 273 1742 978 1 12.178418025455143
A 381 547 1201 543 2 30.994043923484966
A 1129 617 1816 805 2 51.189902974785745
A 373 380 439 526 3 57.078428869811795
A 507 553 1040 713 1 48.224689643449345
A 836 1043 376 257 3 38.196775609438404
A 936 579 738 824 3 46.08313205764599
A 649 541 1903 926 3 14.54004329139821
A 1517 178 633 726 3 44.59180914351427
A 863 1024 200 407 3 26.315516137562437
A 285 42 767 776 2 6.42678963496488
A 199 270 799 12 3 47.97039474398923
A 592 560 1218 520 3 41.403512599813475
A 1544 45 962 147 2 44.13737864662756
A 804 552 1338 199 3 38.57489311454035
A 1791 926 1838 520 3 2.7764608650843425
A 1516 635 577 704 2 27.994526512325997
A 715 521 294 659 3 42.377207009705714
A 67 735 96 177 2 13.272113335376435
A 1677 663 468 889 3 10.171275553414025
A 1517 97 499 879 2 28.390185955281403
A 302 265 1790 976 2 0.8616556570770162
A 482 904 1818 792 1 30.662568574992907
A 715 718 724 171 2 38.28048331136305
A 365 327 700 483 1 21.347681302642176
A 586 759 1205 319 2 53.35191875188075
A 363 460 1262 264 2 51.31884214857228
A 612 139 1343 625 1 32.859994961641036
A 1172 271 1632 696 1 56.85525403603836
A 611 321 552 170 2 58.36111851306046
A 996 53 926 910 1 15.893449407052934
A 524 481 1018 894 2 31.010951068712266
A 591 859 1222 674 3 40.0308911731651
A 1410 1028 1913 1049 3 27.699859469612512
A 634 506 11 657 3 36.637570491712516
A 600 263 777 590 2 36.200959052979485
A 1590 470 1286 1038 2 22.773673352684046
A 443 932 553 270 2 33.077947626484324
A 1780 453 224 179 2 24.553024727366942
A 59 485 68 1015 1 14.995993918457897
A 1293 776 560 1052 3 29.706206754611596
A 1825 633 1042 1044 1 22.471823055790267
A 1251 943 1383 439 2 44.317831478904324
A 1397 60 954 538 1 0.07546063902220457
A 197 650 512 712 1 34.449193566823595
A 1578 1058 103 711 2 46.62335110619031
A 360 42 1465 907 1 50.35560566725364
A 1036 766 288 300 1 59.37794248338492
A 1206 742 1517 378 2 49.25214201701916
A 821 963 322 1059 2 4.152444998893763
A 1072 386 275 773 1 45.38651428861841
A 544 806 137 584 1 55.49367975248014
A 1611 388 1050 908 2 4.459644527238009
A 1667 778 1262 1037 3 50.308809155419944
A 721 329 1799 891 2 40.510063512616924
A 1246 110 123 583 3 53.184134796551575
A 1085 1009 702 538 3 19.04575884375305
A 493 176 598 306 2 46.433964223855206
A 365 670 1238 172 2 47.55677861337115
A 1199 932 168 374 3 21.261309388493494
A 1022 367 1029 332 1 36.44812371435775
A 1675 139 645 531 3 10.408529490987362
A 717 973 334 391 1 52.838629779243604
A 1139 191 1703 321 1 57.51836746555871
A 902 275 1366 758 2 56.740429446487624
A 716 127 1520 402 2 39.01483264858835
A 1464 45 1671 1038 1 29.13010832046785
A 1888 636 847 13 1 13.364974652538123
A 411 740 152 236 2 23.97423831235127
A 767 745 824 611 3 58.72000105941496
A 226 284 1700 19 3 12.809494680011415
A 1815 582 819 584 3 20.866040849662873
A 1892 387 646 910 1 59.309037614607384
A 1639 428 891 207 1 42.92404333275662
A 1047 272 975 831 2 39.12411566221228
A 1610 503 159 959 1 44.01348927654565
A 1047 20 172 718 2 55.490634332986936
A 1409 585 615 145 1 38.85132342108367
A 1741 941 1112 1 3 1.0074153967679855
A 1882 941 1569 1079 1 49.64346359040744
A 1882 503 1610 1043 1 34.53301651988784
A 537 984 1032 861 1 31.66734738056098
A 1708 108 1206 815 1 40.38983198525041
A 297 506 1612 220 2 6.012651890667131
A 618 934 1352 759 3 4.055981020417294
A 1777 496 1721 632 1 42.96690940463445
A 417 1049 1741 184 2 52.988214759133314
A 387 596 1181 458 1 47.54094457706251
A 693 892 1177 479 1 37.31924639408828
A 81 239 1226 870 2 49.61422454920749
A 549 845 228 619 1 11.649854071446594
A 349 220 1188 525 3 30.822735425224263
A 1668 386 394 570 1 22.640484088495487
A 1614 90 1141 686 3 27.832392202186213
A 498 164 251 156 3 37.95849221489915
A 1312 362 582 503 1 30.860686065903046
A 947 1056 1722 234 1 9.41802219556341
A 191 171 453 85 1 58.46147833330923
A 507 421 1313 43 3 51.11400822616602
A 989 725 1894 23 1 20.6771816935612
A 715 1066 1114 570 3 42.43856739707454
A 673 707 1538 552 1 51.214126423628244
A 1245 579 934 146 1 12.64195206605464
A 1176 509 563 154 3 17.7976154132226
A 1732 890 1349 939 2 40.02254585749821
A 178 257 347 481 2 8.421452393673102
A 37 148 1552 424 2 44.60562773327708
A 418 967 42 520 2 3.4579183762552623
A 1618 793 481 100 2 26.961029934831682
A 482 277 1187 682 1 22.17183152180233
A 386 548 1343 612 3 36.76356524960911
A 487 897 654 503 2 29.512418068378377
A 898 307 1048 141 3 25.065810600356876
A 1095 847 1717 771 1 32.499140204160305
A 968 137 273 841 2 8.311931727052649
A 709 1036 656 379 2 31.762404233941034
A 878 273 664 927 3 50.80391610040727
A 1679 785 1266 464 2 20.469367630831886
A 1416 686 885 516 2 21.08038307551707
A 255 1029 1725 717 3 44.62143427359518
A 805 67 1325 197 2 40.50292733845248
A 174 1044 583 340 1 13.408654992392945
A 1529 483 1488 859 1 31.009764218948053
A 1416 719 1709 813 2 33.92051577885509
A 683 1039 1472 504 2 37.43560756623249
A 1090 490 969 104 3 27.40688634742379
A 485 569 597 963 3 32.637464666750105
A 1383 762 1190 968 3 25.167326557285797
A 1218 456 1139 406 1 37.08478692333982
A 337 557 1782 207 2 48.19602759575432
A 502 67 1212 200 2 10.011175167364616
A 134 86 1352 672 2 6.827242515680232
A 242 537 771 706 3 4.1936594704075265
A 760 53 1078 780 3 25.563556763002044
A 844 107 611 461 3 37.04299195053191
A 778 218 484 854 2 47.475683836930585
A 174 241 1035 32 2 0.9156076011135417
A 189 241 1368 25 2 11.31685535790224
A 1257 90 347 44 2 3.9870815170983054
A 1566 977 295 501 3 19.14547263881269
A 56 261 614 168 2 51.6167836354534
A 800 927 1817 804 1 24.096829519959734
A 1020 785 135 1050 2 8.989348350210486
A 1860 18 1567 902 2 19.838453614162653
A 1182 60 1638 325 2 7.668874267973537
A 1151 983 1117 335 1 17.50079451985939
A 1529 278 1044 908 3 25.47225235015198
A 1275 340 408 360 3 28.77807272322254
A 1810 71 1732 623 2 7.571038947110003
A 556 510 585 490 3 19.207294924153896
A 595 503 1162 15 2 45.46001404829835
A 1552 630 1856 322 3 22.96784370517937
A 1279 428 18 473 3 27.398222244876933
A 247 110 790 790 3 46.035841917014146
A 1359 348 1799 347 1 52.03766352483506
A 219 577 1700 479 1 58.729976611803316
A 1833 938 1658 265 1 42.52793932902756
A 506 914 955 14 2 51.25691796224005
A 1548 489 1533 795 3 21.237457939798652
A 333 882 282 934 1 43.284627627285836
A 132 924 1617 1024 1 46.318812332701995
A 1302 268 1439 801 2 50.44931998158366
A 1452 846 547 840 2 39.85381473104017
A 153 690 710 240 2 42.43712604718141
A 1192 620 1003 583 1 49.45145154457963
A 43 324 1694 1013 3 22.923252428111415
A 1298 345 1559 738 2 44.307799753408155
A 451 747 1242 571 2 34.65895516495724
A 1003 673 235 540 2 29.564482645095033
A 1413 241 356 507 1 17.30867790731592
A 390 141 1628 857 1 53.1731551801363
A 608 164 1348 546 2 30.342196740962425
A 944 581 668 819 2 27.20846656040272
A 499 562 1433 930 3 48.90259400170892
A 1858 276 901 62 1 56.26473163981328
A 173 339 1784 20 3 59.3586630199663
A 357 248 1054 198 1 20.54010569942884
A 1131 625 1305 362 1 10.641275228884464
A 1880 802 1311 990 1 42.34525738042113
A 1595 698 360 237 3 21.352681650314967
A 545 593 1163 45 3 11.630793217840443
A 609 677 661 445 2 35.07616657297261
A 78 1018 1387 281 3 39.940315029144394
A 1595 38 1069 767 2 36.86874919909499
A 600 474 1701 901 1 36.50888792299579
A 199 112 57 79 3 23.78341646103108
A 1015 915 690 526 2 25.650512661997446
A 693 438 929 981 2 59.392080925770316
A 645 641 1746 287 3 40.5173962490056
A 98 634 1206 448 2 51.67369702005862
A 1754 38 1722 28 2 19.777192819146283
A 443 665 398 179 3 26.332253720621683
A 638 222 1896 380 1 1.1627994721760126
A 228 759 765 987 1 36.54803386204623
A 1545 714 29 357 1 5.645136009538476
A 1162 19 1424 968 3 29.08008563957566
A 1817 813 1157 854 1 2.905687234767713
A 1314 981 181 615 2 46.471353018516936
A 1729 513 1828 273 1 12.382437739213012
A 1690 771 313 227 1 14.511041186632864
A 1258 182 810 655 1 10.474488245395012
A 1216 338 862 936 2 53.66864028722489
A 977 85 605 114 2 30.25497130987383
A 1319 455 1347 353 1 32.029920476634764
A 1184 241 1756 773 1 25.68007134431507
A 74 726 615 105 3 39.55374312529043
A 1002 988 344 336 1 23.272494894625556
A 354 576 31 976 3 0.4449622581662793
A 596 682 1604 770 1 23.08484414342752
A 503 947 1124 460 1 9.692021208723968
A 1780 1004 1377 1027 2 10.191442785057882
A 393 336 1632 744 1 45.42669884428055
A 1903 865 692 518 2 12.443415537747146
A 1820 867 815 809 3 35.71693231800344
A 725 616 1676 845 2 26.456216253366513
A 1103 156 1253 869 1 31.779038227758143
A 1543 857 936 275 2 39.87410879782418
A 1797 425 1491 686 1 18.555423050526358
A 1904 304 388 1019 1 54.851126828995554
A 877 810 1913 807 1 49.36142317960433
A 1391 797 1453 690 2 39.41070726011079
A 568 697 249 1026 1 23.266595149217316
A 437 705 512 504 1 5.865177371677146
A 843 936 631 289 2 39.80817160714903
A 1334 1058 850 557 2 36.22801205579092
A 1576 526 362 653 3 55.965483168403146
A 698 391 516 24 2 34.66292958046
A 914 252 945 136 3 44.18077978684757
A 1733 332 1669 391 3 1.1517694521782196
A 1514 502 829 533 1 26.60080186272353
A 930 130 1763 13 3 49.02045257560928
A 1395 18 520 574 3 50.202733623489
A 250 689 159 831 2 46.78768406152871
A 684 590 1805 809 1 40.96219227054201
A 892 60 1578 558 3 52.00650339585912
A 1799 41 810 929 1 21.367530873708823
A 1821 847 1300 908 2 37.86031426205383
A 1587 547 1642 1039 1 32.588619977291174
A 1686 330 1733 351 1 24.450307858959558
A 1627 943 711 181 1 25.286420965182273
A 171 82 714 853 2 17.09200151958236
A 1342 602 114 560 1 26.502319950221775
A 1126 208 1689 615 2 35.587614188680895
A 1320 89 58 141 1 32.609921061786
A 995 994 984 353 2 53.52815655028106
A 320 563 572 277 2 15.54648348965827
A 1801 811 1386 727 3 53.46586659642093
A 953 816 1442 647 1 26.33116253019243
A 1152 370 1773 947 2 21.092046363467652
A 1093 816 152 724 1 57.83577005133836
A 310 614 845 833 2 53.022197057532615
A 1441 958 1483 1017 3 52.30179176109526
A 1506 183 1888 763 1 54.33430705804206
A 1586 814 1604 759 3 1.8409387948747757
A 1176 1080 349 718 3 33.28839837710283
A 768 1037 414 551 1 0.483247414106609
A 862 957 1257 199 1 51.27414440284973
A 1055 145 1277 518 3 12.693569211499929
A 270 681 342 398 2 50.00720073507903
A 826 585 1549 452 2 22.767307295741965
A 902 635 91 274 3 26.99187374729671
A 755 260 1785 407 3 16.699180204272672
A 1185 986 1818 791 2 27.03610043599212
A 281 291 467 86 3 37.520951881649616
A 1650 991 443 663 3 28.007070641962233
A 1145 407 134 30 3 30.649851201342425
A 1201 344 112 729 3 9.047847666416768
A 799 711 658 180 2 8.680275653480239
A 531 184 729 309 1 56.90807450426311
A 912 381 1345 431 2 48.932366145267935
A 931 648 1528 554 3 0.35352059073182396
A 755 91 548 277 2 53.36448420574479
A 1086 20 156 982 3 10.873747692401562
A 848 630 1421 3 2 38.95133295249573
A 3 561 489 807 1 15.097312171301072
A 541 629 1395 332 1 53.85051998405557
A 778 548 1195 393 1 57.76334359270585
A 1631 94 579 165 1 47.809427550598926
A 1501 156 715 30 1 3.1072307963464585
A 516 235 1910 339 2 2.906839119596647
A 1614 73 1856 930 3 35.06545135127125
A 435 143 1140 990 2 57.4360598919942
A 308 623 546 997 1 22.262144384952606
A 1117 793 1270 779 1 19.830649624861586
A 1462 245 661 19 2 22.543797942114498
A 466 122 756 476 2 35.21438305211021
A 1431 828 610 384 3 46.08869296102908
A 326 68 505 49 3 36.92903135179803
A 1413 1062 1584 491 2 39.667519258437444
A 1106 463 678 948 3 20.651753659385395
A 1357 189 1196 676 3 41.31554968870367
A 729 512 231 1078 2 6.119067690366005
A 1541 323 378 709 2 37.02734179687733
A 774 1056 1682 520 3 9.656412135753241
A 1897 608 375 380 2 15.484902866956778
A 1657 709 307 839 1 7.502410197893559
A 851 46 1386 582 2 16.664987184409828
A 980 214 175 1080 1 2.2434121516591476
A 26 428 479 983 1 35.95150200335341
A 1340 93 1402 198 2 37.827112082639914
A 1086 571 1014 380 3 56.60400091274655
A 1816 453 162 177 3 23.007223280644663
A 466 729 860 774 3 45.41437898564078
A 1074 197 1111 589 3 9.738028547994602
A 917 736 450 48 3 24.723320611906573
A 1010 378 1150 674 3 1.9122265611365274
A 6 442 711 578 2 39.42512366639399
A 232 910 1258 831 3 36.79616577745211
A 1839 302 1592 857 2 38.28680770283055
A 38 615 675 63 1 41.77207418316976
A 1616 1018 66 559 1 3.153505187232113
A 1713 1061 90 512 2 31.408939274598083
A 237 334 355 166 1 12.615071121930534
A 796 441 1180 301 2 42.23563738278621
A 1230 198 956 966 3 2.5938205285234806
A 1910 17 260 610 3 53.16283258026536
A 120 461 608 458 3 23.32922482695973
A 110 28 60 478 3 41.043467760567175
A 810 44 307 599 2 41.922916444476535
A 589 406 1244 793 1 41.74013404943949
A 1584 1063 588 538 3 13.707521571658472
A 800 57 569 413 3 13.086672890790759
A 1514 1062 985 100 3 6.664770206292543
A 1567 149 905 656 1 13.859816657614166
A 601 291 662 467 3 17.003791107603192
A 1905 651 772 62 3 49.219181000295784
A 1168 511 233 444 2 21.845244784819005
A 1779 1 1214 679 2 1.3622875966201353
A 1268 891 802 119 1 59.77571187516148
A 1264 857 1484 588 1 31.52313815702113
A 304 951 710 1048 1 36.08131883620868
A 1398 792 884 189 3 18.24892475701436
A 1716 108 171 213 1 17.70926228628053
A 481 629 1531 439 1 13.229434179774914
A 427 359 1016 394 2 27.728825901862166
A 1763 2 1910 71 1 0.08196715928660225
A 691 1078 410 470 3 39.45626154446463
A 497 760 158 686 2 6.8653758633551965
A 1064 385 60 307 2 16.080264269731746
A 1880 568 1453 456 3 7.202882477678165
A 1711 419 407 1022 3 24.32772475210221
A 117 308 736 39 3 56.29358919361175
A 1614 532 530 1045 2 21.567534853743922
A 539 1058 1731 53 3 1.9346950410536046
A 1049 1059 387 52 3 55.612137323162514
A 50 887 740 688 1 37.58999996062065
A 1565 644 1526 756 1 30.95363994631404
A 867 948 980 982 3 18.06595452745534
A 432 759 1215 590 2 0.5570820950326971
A 1885 104 774 814 2 58.704383260561144
A 511 644 1566 827 1 2.8080620337355655
A 1081 664 1886 584 1 12.025828468163793
A 342 140 820 1027 1 44.40738162954221
A 917 333 791 392 3 2.972528888447463
A 637 884 1544 304 3 48.363964937191994
A 250 876 1667 310 3 31.54123961630933
A 1204 106 512 601 1 4.638564937614531
A 578 911 1844 532 2 40.77766647389395
A 1712 830 749 935 2 19.929159007375404
A 100 362 1909 1018 3 48.64331871179823
A 695 474 1580 700 3 45.727003975883086
A 833 440 816 796 3 24.6817659288868
A 48 743 1007 358 2 58.465327070734034
A 532 274 273 16 1 42.07722887514421
A 1424 100 1379 608 3 42.432134767546614
A 331 1044 954 1024 2 38.07163643482564
A 1121 332 1016 276 1 42.08961649616438
A 237 255 791 247 1 6.9896928520268675
A 1575 397 1316 23 3 19.835848079605643
A 158 571 1744 349 3 11.747021934305938
A 1081 568 597 315 1 14.213842547642209
A 900 1029 1547 590 3 2.6554839473746283
A 420 669 1105 230 3 21.709778015484584
A 732 92 200 217 2 32.82832718335262
A 1672 504 1871 265 2 34.18854626334145
A 1624 304 1910 839 1 35.437261264308866
A 1261 16 327 536 3 13.711032665379264
A 105 495 1912 767 2 37.7591291137759
A 41 78 1555 471 1 58.28017339285285
A 692 118 219 710 3 13.90733026071712
A 529 133 706 649 1 57.56019382777347
A 875 614 1456 875 2 52.05941859669644
A 913 443 1019 620 2 29.377199246499742
A 472 579 1570 47 1 18.24475342578974
A 685 481 1492 59 3 0.32280128901861493
A 1501 399 1062 89 2 54.39837076360336
A 1036 627 777 349 1 33.77462920201683
A 222 137 1805 400 2 22.978720611844064
A 1093 359 568 383 3 26.12465019845317
A 1638 783 1302 207 2 33.413757431970396
A 614 750 1914 901 2 5.8754074302353025
A 701 753 1163 940 1 53.34980679311979
A 1830 155 791 730 3 2.9906593672695547
A 1914 764 891 117 1 53.1627271548121
A 357 65 1880 678 3 0.45000046310955444
A 306 342 665 180 3 44.35909734667146
A 1076 374 1812 681 2 6.035999625357578
A 1103 333 770 217 3 23.818148693883302
A 1339 1040 1308 328 3 24.065381452163322
A 980 116 1718 1032 3 43.338910226477914
A 395 616 189 484 3 43.43534092862893
A 105 911 923 806 3 53.64101874118315
A 414 869 1072 868 3 38.37165845541573
A 861 810 1841 947 2 2.496335370741789
A 931 412 1247 932 2 3.482581601617516
A 629 480 1693 610 2 29.313513283550552
A 782 326 1376 745 3 4.86281843264043
A 219 473 1053 81 1 20.031097809736142
A 169 327 654 688 2 54.023353894521286
A 801 471 835 661 1 5.671649284725979
A 874 956 1551 882 1 59.11764495274134
A 304 522 439 253 1 23.21452118767261
A 778 819 1379 853 2 15.94315225929612
A 1176 673 803 968 3 50.5441887748975
A 791 1031 54 806 3 49.65033916880791
A 5 156 144 698 1 13.904850014496438
A 479 476 756 122 1 43.12322028864339
A 1741 1013 1459 527 2 57.74564103752547
A 981 1076 16 10 2 57.54117962535367
A 1740 18 885 30 3 4.641238897927669
A 46 978 1896 1017 1 35.84815733323644
A 1322 613 805 1000 2 41.07258396375419
A 664 335 429 810 2 56.4026007733509
A 613 141 625 817 1 54.230549416788335
A 1302 1026 1331 242 2 55.997945742072375
A 90 449 1707 1001 2 23.909977882862655
A 1449 735 1676 687 3 49.690813801095985
A 1466 731 1433 934 3 47.881260637638555
A 643 734 1304 629 1 36.58478142645222
A 1017 1024 574 635 2 31.57795783034389
A 491 678 1407 587 1 2.664066069053048
A 1841 1047 138 298 2 47.36138766701182
A 321 586 972 372 1 5.376902742469278
A 250 760 1090 1043 3 27.056829081348617
A 332 43 832 165 2 37.79297991768301
A 1671 879 1858 31 2 2.0787793490880357
A 111 677 1116 770 3 50.46737928608738
A 1411 222 1760 268 2 27.397757826854537
A 1107 1028 214 735 2 16.61712308190419
A 1539 36 1661 279 2 21.4011951232844
A 962 10 729 116 1 55.85145438303468
A 904 536 1202 657 3 50.11554873468854
A 223 577 487 166 2 53.08270903909786
A 1070 222 708 571 1 27.392519301368107
A 904 378 1521 1057 1 38.35890887974031
A 1605 764 34 394 2 26.605098892301836
A 1305 995 106 1041 2 53.659656565473185
A 1066 82 1432 456 2 58.433071938664305
A 644 353 1249 409 1 6.586283327934188
A 1777 95 834 501 1 32.787462184489016
A 1905 411 903 459 1 53.39062299629516
A 1549 285 1793 502 2 51.341223245068036
A 1450 893 1656 238 3 16.631490605059724
A 1638 964 1195 215 3 29.996806019069023
A 1586 457 1866 571 2 24.210714248406852
A 743 320 91 106 2 51.68085998279943
A 1393 814 1008 461 3 13.182950598320847
A 748 135 1547 540 1 17.297332039384575
A 972 520 1122 253 1 55.07112959403615
A 956 8 525 134 2 18.791772039039635
A 1870 273 1785 97 1 1.7292918964229287
A 1824 593 1881 538 2 10.077238524089655
A 1739 246 923 838 3 24.911918308407916
A 665 676 66 759 1 18.940581590771004
A 1256 758 639 238 3 12.379221226463864
A 1019 285 368 1032 1 19.977742920893355
A 1075 315 515 579 3 13.855274692785823
A 178 70 1855 298 2 8.13619574542001
A 491 729 880 981 2 25.155962788218783
A 1370 778 907 430 2 28.16515242244327
A 257 156 503 177 1 7.627736434236265
A 1856 426 241 552 2 31.161559728332907
A 805 498 1801 346 2 52.90710459565582
A 289 499 823 306 3 51.834908437487066
A 1039 434 812 997 1 37.775456412845195
A 736 765 360 905 1 44.165283014024524
A 1224 104 1600 1037 3 25.77872840986718
A 772 562 595 844 1 27.22482615045779
A 1495 437 1035 80 1 23.43465538899747
A 478 455 1135 280 2 6.793104641920447
A 118 1048 1763 401 1 51.91998143362318
A 87 328 1557 433 3 13.825644871334049
A 1372 1037 1098 898 1 23.312772100336602
A 1152 592 324 765 2 12.830789274744355
A 617 187 198 834 1 20.905866122737095
A 555 771 212 928 1 51.113932960809024
A 718 1004 950 250 1 42.27693023852859
A 1168 434 711 445 1 18.007654203876427
A 664 111 659 999 2 52.208561473121115
A 398 290 844 536 1 33.43539682604052
A 1538 428 212 437 1 9.270992295170771
A 1100 983 1650 445 1 44.466863641877914
A 546 616 122 61 2 26.951451135691947
A 1613 657 987 82 3 7.862773764597055
A 1852 197 129 595 2 12.640895156795814
A 622 752 1244 649 1 2.029620928688236
A 506 839 637 807 3 37.82266470752801
A 771 669 1006 828 3 20.517612132055856
A 623 809 1512 825 3 47.1651887528643
A 1625 366 1712 1002 2 29.972190144189838
A 1367 850 1662 303 2 41.29601548541593
A 1003 635 1724 954 3 26.958264489511436
A 453 757 701 626 2 27.71364655637583
A 1212 720 896 627 3 59.0061618554375
A 1103 517 7 188 2 31.406065441242724
A 884 254 1201 1004 3 3.5575403505168657
A 1829 1050 1172 616 3 9.133179318632049
A 1121 1053 518 983 2 37.6454723917195
A 1423 939 866 471 1 51.44416974287383
A 1753 1044 1220 620 3 56.73202449314707
A 1370 1023 1321 999 1 37.18705411340269
A 313 568 439 301 2 9.522856991296212
A 753 442 36 15 1 58.59864557317899
A 185 97 1502 642 3 24.362015835441085
A 1300 918 547 1008 2 10.106002924287385
A 840 142 761 468 3 45.79037145287509
A 1822 48 1817 301 3 38.24018246202608
A 1355 1038 240 278 2 6.887282345387032
A 1409 465 1797 200 1 18.485713689333668
A 168 577 1721 313 3 29.096661110343767
A 913 873 1586 463 1 49.66789040964431
A 693 1071 1035 73 1 23.34578721580469
A 59 1032 1099 665 2 14.465105798499227
A 1084 161 819 117 3 46.9028508060906
A 1439 906 1644 945 3 33.49783238829621
A 179 731 700 383 2 50.754865245429514
A 23 937 1280 822 1 59.73981154697874
A 79 104 829 149 2 43.73582719230734
A 338 1003 104 1078 1 35.78304730905247
A 1006 200 1610 422 1 33.33822043597704
A 1854 363 1817 363 3 57.18932286791654
A 159 854 1086 43 3 37.62438696351568
A 1111 431 1507 257 3 4.82323480791083
A 1434 505 1315 62 1 48.53460929426799
A 1128 259 1017 940 2 6.666927579018706
A 1543 804 270 489 1 35.18413013238395
A 656 150 953 908 1 50.98452386589412
A 837 41 255 557 2 27.919879052616782
A 417 927 408 15 3 48.20565666293678
A 1228 825 1854 193 1 58.96254508556707
A 225 1072 80 584 3 59.73606795580429
A 1575 510 240 1045 3 29.141050821543327
A 1525 328 63 997 1 27.549931659444216
A 268 548 1839 591 3 12.629200997431553
A 336 450 28 1029 1 32.501938923307506
A 1070 243 1516 737 3 36.346687294749735
A 1204 405 1571 870 1 47.650696218002764
A 65 970 340 41 1 18.899281673584753
A 923 31 1173 538 3 55.703287159989785
A 1442 531 253 15 2 40.67003828916394
A 972 252 1459 1030 3 10.014425882770565
A 1540 658 167 730 2 52.954566621943634
A 1025 704 942 182 3 44.747076799201345
A 735 177 572 611 3 41.846101500141735
A 579 363 1193 51 2 43.56436005310744
A 1368 256 1821 312 1 17.70689454643135
A 1786 556 1687 612 2 8.326262479253908
A 1521 300 1217 709 3 46.78435407214786
A 1427 982 966 314 3 41.11183616168145
A 1691 426 1567 460 1 49.925517476724195
A 63 571 958 445 2 33.11083895073975
A 1157 404 1557 330 3 48.05593803131843
A 61 389 1606 1040 1 19.85028259191207
A 585 899 32 145 1 45.200220323951854
A 735 591 1702 750 2 42.09165878098148
A 1753 482 162 511 3 55.622792676785814
A 1021 488 868 581 2 57.90018235871297
A 673 71 439 133 1 44.323435268148295
A 1184 424 433 769 2 51.69761082526687
A 553 183 1139 94 2 33.12750099715309
A 729 843 646 673 1 50.92353894167943
A 675 731 1328 670 1 22.079515310557166
A 129 207 853 720 2 37.67741804889425
A 1019 1030 1122 424 2 37.738100212607726
A 895 1048 370 707 3 17.554782013275354
A 1735 751 375 956 1 40.63527362062094
A 1679 715 429 921 1 41.43222902344287
A 220 517 265 151 1 49.71071976939862
A 230 131 501 643 2 40.43156917086288
A 826 708 353 753 3 23.92441354581981
A 1136 755 55 843 1 50.957274744054274
A 334 233 1725 1055 2 1.5041579851448938
A 84 13 607 39 1 38.39001892712472
A 1678 467 1609 1036 3 14.120371621205145
A 1905 54 1028 919 1 18.89718804469347
A 1880 1065 371 277 1 0.23425478618772866
A 234 754 380 733 1 30.655662472131105
A 825 69 532 683 3 50.58417015579435
A 637 973 364 865 3 20.33248812174937
A 1767 1067 115 1025 1 47.98825431477768
A 1494 260 212 323 3 9.982282324069756
A 1346 317 206 1046 1 40.459405340844555
A 1120 92 642 439 2 27.7333974202686
A 656 953 1108 14 2 50.14737523182996
A 798 894 579 503 1 54.30306664303909
A 924 572 1851 643 3 41.45254442570678
A 784 277 1726 40 1 51.992950451906154
A 1077 70 1091 268 3 30.975643753889127
A 806 909 1022 260 2 10.044535889852472
A 742 625 1705 108 1 1.6853310815638323
A 1771 813 1092 786 2 35.16057211853611
A 14 826 1347 564 3 5.7671907051038795
A 275 842 1744 789 2 15.389711421895338
A 1287 374 831 908 1 32.926273731279196
A 1225 142 443 317 2 56.77524480861209
A 765 619 1721 47 1 57.378728440829036
A 1098 1026 296 482 1 47.54191698706743
A 1421 119 725 340 3 56.45370134780359
A 1485 328 576 43 3 27.023010700883326
A 987 509 421 78 3 12.967709050773585
A 525 449 762 168 2 50.788453572486
A 1263 794 1424 328 1 54.64323852287493
A 1313 253 1100 718 1 41.47712795355964
A 717 734 146 548 2 17.692635198998843
A 1563 81 388 59 2 10.527944607717938
A 1279 982 1528 646 2 48.46897241764006
A 1006 105 30 441 2 5.1181194382679855
A 1622 797 1782 565 1 52.954298608232705
A 290 773 1493 65 1 43.20646698412041
A 850 237 552 162 1 9.867393820849378
A 166 735 1054 553 2 54.00350298198462
A 1387 234 12 1023 1 59.03129235788735
A 859 435 180 710 3 3.3099157978120264
A 432 1080 1153 691 1 5.422124317936534
A 894 649 1311 631 1 56.993801831253386
A 359 107 742 70 3 21.784326899303778
A 532 766 495 63 1 7.985345550077092
A 1561 2 203 936 3 45.72657009875166
A 1127 1007 386 509 2 50.12793461215994
A 1855 355 387 387 2 20.096692045878626
A 1665 282 76 58 3 37.54877422644826
A 715 942 1215 390 2 6.551520865453886
A 1320 947 1446 594 1 3.2933064663723965
A 1816 142 441 812 2 56.79567330229466
A 1007 882 246 4 1 35.143077141921964
A 753 341 295 172 3 58.821050420447754
A 259 50 1611 53 2 35.17337179327806
A 566 58 495 148 2 36.24630967381042
A 1492 558 1810 971 2 9.538004094167754
A 1869 556 1345 566 1 34.421920259534744
A 929 604 65 547 3 52.51161660741609
A 1919 115 1218 806 3 10.431554456559889
A 1906 489 732 394 2 13.183661188357805
A 1352 396 806 287 2 30.21439066048687
A 1473 218 587 274 2 26.409661623964077
A 1054 489 1612 110 3 38.052500395612256
A 478 216 1366 1039 2 10.222961890186781
A 555 919 700 440 1 54.98117750120294
A 336 379 372 202 3 59.97077079400919
A 710 88 423 585 1 25.852136012864793
A 1706 768 1225 976 2 54.91329958212611
A 894 296 370 970 1 9.994478786989347
A 1025 920 1493 385 3 38.27835278452502
A 333 703 1872 258 2 28.54994419188182
A 784 616 1886 903 1 7.940174057043983
A 791 193 1039 934 1 22.020050083147556
A 8 714 1463 17 3 47.88283537824352
A 1262 695 340 803 1 38.448912934763676
A 262 385 320 161 1 41.292385541402346
A 1159 51 1616 244 3 43.45409242201411
A 1171 171 277 739 2 4.528950500578319
A 112 1022 1542 905 2 7.031206222456017
A 422 181 447 786 3 58.92788942564591
A 140 795 859 515 2 17.345773786264544
A 1854 46 1664 32 1 15.249230829128777
A 1778 377 1395 34 3 22.227512202247567
A 498 869 820 435 2 54.121881218911234
A 765 371 339 263 2 48.56787657295512
A 811 403 806 893 2 11.337519179132876
A 244 781 1456 178 2 58.75619512531653
A 914 480 1197 266 1 8.567380146764203
A 261 377 389 785 3 41.06490442639786
A 1152 719 808 641 2 13.957297910187467
A 291 31 1649 866 1 1.0858208740537911
A 1743 805 1787 306 2 36.83718264322764
A 107 779 1236 120 2 42.12425850011556
A 923 858 1167 53 2 37.34510314775843
A 1341 880 1668 235 2 19.11867359533565
A 1861 498 1707 255 1 46.872146850379686
A 840 1032 1037 23 3 30.101629059639926
A 1266 228 1560 836 1 49.00363036866366
A 1342 532 953 668 2 58.63842880717426
A 846 583 498 321 2 51.12776712321967
A 1555 299 1254 244 1 3.0121440220457574
A 1393 78 534 881 1 35.368693803103554
A 175 940 1683 670 1 40.00975382058626
A 588 122 1640 632 2 46.894160898190705
A 1327 99 261 790 3 17.73928605533253
A 1246 615 659 295 2 59.050828018384195
A 211 14 416 858 3 33.87780596048587
A 520 371 568 114 3 11.712473024747494
A 1495 1042 1586 617 1 16.14401864748481
A 538 966 1464 265 2 44.49385345581343
A 712 282 78 1019 2 50.086282104083615
A 13 626 1791 105 2 58.24015399090633
A 1097 785 380 821 1 32.320489799729096
A 73 469 1811 116 1 38.524565684414085
A 1920 148 1762 923 1 31.852913959044688
A 356 643 1669 1072 2 28.89776745171889
A 1580 1056 115 601 1 4.985711925244846
A 1483 944 992 635 2 55.47297685332863
A 1239 387 33 633 1 38.452073979865
A 1578 610 1025 75 1 23.910603423880822
A 614 781 1890 330 3 27.60029009924064
A 1877 1045 908 79 2 7.973128741739124
A 464 1029 951 871 2 29.85289338198949
A 174 572 1746 908 3 11.538301257338976
A 239 642 832 371 2 4.900080856636199
A 568 362 571 559 2 24.469894785272306
A 1566 215 255 191 3 10.4768168741912
A 460 490 1593 386 1 14.397167123710723
A 545 289 1670 145 1 54.65032676380375
A 1410 148 1271 191 3 34.55743211603337
A 1402 67 616 467 2 2.6135121223557745
A 373 206 425 673 3 30.855389325080885
A 1077 342 1901 748 3 7.377987608434273
A 818 938 1309 532 3 25.87058475031061
A 1457 6 1200 776 3 43.268403611188205
A 986 1057 454 930 3 45.05090704066966
A 1498 842 1769 324 3 11.90258389934423
A 1376 468 966 765 1 20.334942165832263
A 854 524 1382 460 2 36.423049591273575
A 338 849 338 385 3 24.23105732871744
A 1375 19 877 88 3 46.08026703235123
A 189 366 844 545 1 22.09049712955522
A 453 837 1449 1001 2 43.455378940233906
A 297 660 800 728 1 24.730961173877958
A 1465 616 1301 40 3 23.62914706486262
A 775 215 1528 722 1 24.39364532803608
A 598 485 1539 973 3 35.328435173895016
A 571 974 1459 274 2 16.937344745350646
A 602 313 675 654 1 34.966705994676936
A 277 632 1201 848 2 29.25453058848747
A 560 920 660 833 1 20.714396086640072
A 290 1060 674 469 2 42.72759617007373
A 359 333 1342 1071 1 42.43895931495724
A 771 793 1642 999 2 18.635097550767984
A 155 298 624 1014 2 35.299378733200044
A 152 479 1339 315 3 36.121356897898636
A 480 457 1510 613 1 54.2564173317219
A 1898 284 540 1015 1 8.334028508935173
A 124 609 1668 542 2 41.896492194872025
A 1153 54 469 386 3 41.67653151891321
A 1806 859 207 264 3 42.728169366060136
A 1855 345 282 388 3 50.39789127312298
A 1616 78 869 594 1 35.66605564025153
A 793 193 547 859 2 52.97679828649704
A 1396 359 1278 644 3 23.39413158219002
A 1081 191 266 753 1 56.05832162976048
A 1300 856 1321 1055 3 19.431383829295452
A 1185 439 880 267 3 55.07920969937717
A 1487 580 1139 1023 3 55.16275274046548
A 561 1062 1225 227 2 43.31883487129083
A 118 551 1545 543 1 37.85918895051812
A 559 516 1083 350 1 10.064780293432104
A 581 306 1863 153 3 24.109221545996064
A 765 1074 773 952 3 29.319255704891642
A 354 466 75 1079 3 24.278154500623657
A 415 165 275 747 1 38.80565576388221
A 515 3 1281 828 2 10.436631839023878
A 407 468 48 700 3 40.6024865879978
A 60 870 838 571 1 22.30686380394536
A 743 782 754 777 1 0.899849796443688
A 189 833 206 508 1 47.68194882184664
A 1809 315 193 1024 1 35.569287719894085
A 1146 837 864 455 2 49.297436275143724
A 1128 919 1093 965 2 17.24913336588909
A 568 549 846 674 1 40.372356593846234
A 1398 315 542 83 2 0.2310423382058424
A 868 253 1574 180 1 52.806497864229925
A 1076 65 1319 102 1 23.936176625172916
A 1690 556 952 729 2 34.170651167961545
A 343 689 1059 151 1 0.028396960837191454
A 367 749 1572 931 2 51.158430755714974
A 929 74 857 653 1 41.03549487281616
A 720 745 747 579 3 10.375131474869727
A 1762 476 1850 1003 3 31.121663495133824
A 1502 15 1457 400 3 16.3639161944464
A 1461 214 1681 909 3 57.85165373999271
A 199 676 1663 170 1 41.26932234270415
A 226 725 638 743 3 38.89734177706653
A 436 606 1198 1027 2 33.53804120728388
A 1169 379 96 699 3 56.33825664289394
A 1349 857 798 690 1 26.82144682727461
A 907 891 1851 53 1 32.55524485264401
A 905 850 1463 452 2 30.28418179791086
A 1797 619 1581 326 3 45.1727941231581
A 1237 133 607 472 2 3.956446289487383
A 408 217 1434 576 3 49.261371667861894
A 982 230 1278 939 1 0.09289051135786375
A 1722 389 903 722 2 42.05694153910999
A 1774 20 1183 705 3 56.71497466744853
A 1573 425 1812 13 3 29.811969471748974
A 1633 7 585 550 2 41.66759384624353
A 518 522 1295 1045 3 23.55238277533021
A 1347 961 1026 513 1 24.092150302515513
A 1808 354 930 876 1 13.869967901211544
A 1918 1068 1591 570 1 31.44560173371708
A 932 752 1635 700 1 47.72236471217044
A 734 431 486 333 3 1.4084279189202364
A 1828 435 1894 925 1 28.252457134962036
A 867 457 376 322 2 8.388455296925336
A 628 320 410 269 2 40.83604034159948
A 816 780 1407 617 3 55.91887851556548
A 1330 227 539 750 2 51.560721271084304
A 1068 782 380 424 2 58.85024345476216
A 211 376 914 912 2 42.0100024181709
A 845 1073 1306 812 2 36.67454286863088
A 235 214 278 380 3 50.533065790258696
A 309 236 249 90 2 38.87290269168728
A 217 1030 1823 901 3 32.988671159520706
A 319 529 1650 198 1 37.72635058191461
A 1083 441 1818 422 1 3.014652518291794
A 540 620 1199 375 1 56.90738666746882
A 922 329 1482 190 3 51.940379201328085
A 1167 344 743 187 1 37.511287378230875
A 1115 836 262 95 1 10.49602189322279
A 861 872 1586 674 3 11.343327486970992
A 615 790 310 157 1 4.133145694251721
A 1148 800 1371 164 1 22.114677971347966
A 1542 521 1901 330 2 56.52816495917689
A 233 965 486 609 1 22.245992317794578
A 1076 976 57 352 1 4.686038184334665
A 729 925 1349 925 2 34.50968578461253
A 465 753 860 817 3 5.171221678674134
A 1292 319 755 981 3 39.259799101680336
A 1207 980 1187 413 1 11.985139727378819
A 847 514 1688 858 2 15.911744832895693
A 1681 21 487 132 2 23.440534384413777
A 1568 781 1685 14 2 10.877800201210375
A 364 408 946 406 3 39.82930330091785
A 1802 730 749 1041 1 40.6859999351035
A 1806 131 153 809 2 56.47581930266715
A 491 555 1229 617 1 58.1270884531971
A 694 166 804 522 1 31.004123945167493
A 99 192 1598 1034 1 12.855059000478652
A 247 624 536 514 3 49.76314645468119
A 1847 98 1630 669 3 30.03749366288506
A 1490 1019 698 45 1 14.790349801698056
A 1903 380 1014 432 3 30.955197118037802
A 1805 940 732 277 2 11.352340851143092
A 658 818 1338 344 3 39.935284141492424
A 1623 801 1713 1004 2 5.013225111069333
A 7 146 113 467 3 44.76891415551902
A 488 975 880 1067 3 30.8457924821184
A 1234 819 200 467 2 6.721074179934254
A 1446 172 121 568 3 10.326034081821746
A 691 40 541 312 1 3.2518407937374016
A 1464 93 1803 52 2 24.80827773215745
A 1390 50 1628 517 3 24.86869065213835
A 844 759 1629 31 2 43.9594923273789
A 608 344 1792 992 3 56.91339719882106
A 1806 1005 195 432 3 32.0518011184959
A 1579 114 655 423 3 14.671553858856248
A 1365 518 875 186 2 31.757525038766843
A 1860 966 9 199 2 36.88623454263807
A 371 1010 532 218 1 41.29789681329814
A 1274 462 271 821 2 43.88284031263623
A 1730 976 1639 208 1 19.385810582645455
A 1206 109 490 167 1 14.792454346945256
A 1636 226 130 613 3 44.29972470730192
A 907 384 1163 976 3 5.126724295570728
A 1883 634 695 1031 2 29.496908232659116
A 1616 68 1674 10 1 4.289051366752679
A 650 774 995 324 3 24.93536092501609
A 559 854 631 1062 3 41.08418380028515
A 168 393 1272 802 1 30.505277249670797
A 1761 929 901 1078 1 43.80398250323514
A 1425 1018 1155 38 3 29.984311540192838
A 1083 1028 1611 923 2 44.40419694395285
A 1639 935 466 707 1 37.102580018297346
A 1633 1062 873 493 3 13.760008702364047
A 614 65 1743 229 3 15.336741780652579
A 236 983 560 119 1 29.68997083378541
A 9 630 1719 976 2 49.698648608143564
A 336 96 66 109 1 7.651153568390061
A 536 132 513 389 1 2.766991331865285
A 412 410 1539 489 3 39.10829370418644
A 1265 1056 1493 494 2 28.227625112460736
A 1100 327 1752 490 2 29.066706245011442
A 761 630 616 513 3 20.229699860310483
A 1605 412 1563 837 1 7.453565128227726
A 1585 562 437 796 1 0.289232286529959
A 862 734 747 135 2 17.372934821364243
A 1652 1032 346 663 3 21.653276840116625
A 1698 444 760 974 1 52.60504449584168
A 1447 393 627 333 3 46.87044764688145
A 253 129 1609 338 1 3.7436555227210055
A 249 563 270 565 3 41.03327116886656
A 766 395 675 432 1 24.493012424218833
A 374 416 599 901 2 53.68447634401525
A 437 434 1300 547 1 3.4462047333868306
A 429 755 1479 715 1 15.62040886885547
A 181 767 1856 295 3 48.12554634516631
A 1670 429 1094 855 2 34.95906539223531
A 135 929 622 915 1 9.444758413384859
A 895 655 1137 525 1 44.93076550789332
A 1083 171 1772 975 2 44.0319641301319
A 1459 686 993 283 1 35.36116208113976
A 763 183 1783 356 2 5.964110748709506
A 974 842 1480 689 3 42.42155184457807
A 916 343 808 9 3 43.18721356327337
A 1547 1012 511 411 1 33.17345182907406
A 1357 317 756 342 3 34.74645272657286
A 281 477 996 592 3 26.98024437276735
A 76 173 31 506 1 54.84699239879345
A 894 529 495 233 3 13.859798080185264
A 303 308 1282 817 1 50.720232082860605
A 1270 440 143 852 1 34.95593018915784
A 247 815 1278 823 2 9.49081347969458
A 311 711 165 659 3 24.609384957330853
A 887 181 1310 1005 2 33.11552181019279
A 1811 473 846 919 1 11.129141911096907
A 671 858 1509 56 2 35.028204779509196
A 210 11 1665 818 1 32.82791064884447
A 288 15 1243 33 2 33.531991797274415
A 270 907 1085 332 3 24.766041795898026
A 271 618 373 688 2 36.62894607604509
A 78 314 344 692 2 35.82657551499132
A 1196 857 247 1006 1 21.98882994482923
A 1717 213 1173 7 1 22.525562310403625
A 1517 359 1466 888 2 35.98768072088864
A 1201 437 1751 936 2 50.56783246150146
A 1743 619 1617 94 1 47.91675882527221
A 1182 1069 848 164 1 39.18766543268788
A 1031 165 185 562 2 56.64405368770202
A 54 4 851 403 1 28.960869279491305
A 1497 351 189 147 2 23.845314459265687
A 1521 673 130 18 2 16.846637308072697
A 399 630 495 117 1 45.09235145204415
A 699 1062 1038 400 2 22.83138551303286
A 1543 1 1317 896 1 43.24396507883116
A 340 371 1439 892 2 19.24120668971736
A 1190 68 902 779 1 1.9018578593682123
A 1449 534 237 652 1 12.782121473379473
A 1059 621 978 798 3 25.178604307489454
A 372 197 435 680 1 44.643319840151435
A 650 738 189 112 1 36.687945658695895
A 1568 479 1095 188 2 43.884352890734014
A 1342 412 935 368 1 11.787385904964978
A 666 999 147 918 2 54.899152808408026
A 1331 487 1359 309 1 48.65850781902941
A 1378 639 632 494 2 8.40031368409829
A 1317 557 650 399 1 59.35784084125281
A 135 956 599 111 3 29.731241312024878
A 1316 253 768 86 3 9.794666495708471
A 1717 570 1262 28 2 38.013865197494425
A 1772 1052 601 794 3 33.961282541809844
A 553 780 407 113 1 20.140397959234818
A 1837 437 1791 329 2 35.489696625285795
A 338 416 1206 19 3 31.440891602417885
A 681 350 772 978 3 36.77867954887975
A 1062 368 831 664 2 53.45994209663663
A 54 960 576 565 3 22.778025220085876
A 43 904 1014 1007 3 4.4592914669287875
A 1596 346 1746 430 2 46.47859944503548
A 217 961 779 979 2 58.80520566165769
A 484 993 73 282 2 28.249922961309174
A 1514 394 1621 559 3 51.36457936990445
A 1223 893 1340 715 1 37.96517202672597
A 1250 264 489 441 1 21.911464803297584
A 682 1046 796 1036 3 16.511553594405044
A 216 53 941 848 1 53.47008952143138
A 1671 773 1191 1067 1 26.379146682588402
A 1539 791 680 1010 2 50.22348976332247
A 297 335 1535 333 1 27.0920051471588
A 1143 357 452 175 3 8.092572071570563
A 1459 1050 353 250 3 12.290437729369962
A 354 991 1629 862 1 6.831154441655485
A 525 476 1486 646 1 15.150232087619873
A 1366 169 1530 385 3 43.4554761608569
A 901 749 1121 710 2 59.206129893666805
A 273 423 624 136 3 50.51891467008288
A 353 318 720 688 1 54.33153822241709
A 901 592 352 847 2 41.847447904203555
A 1741 27 301 885 2 55.78210335284097
A 209 665 109 1030 2 33.56801258062575
A 1416 346 1881 46 3 38.24608575398486
A 545 202 1049 62 3 23.803874053264288
A 1887 744 921 912 2 8.501600050136615
A 759 788 284 974 2 56.67958652343142
A 660 568 854 874 3 23.761341190082106
A 1813 274 1164 1051 3 56.67631074967085
A 87 314 1734 693 2 53.24216993391322
A 746 844 1861 740 3 31.855859669915855
A 223 1029 1582 504 3 46.00452893414808
A 737 541 1263 869 3 36.22907081397067
A 285 1027 494 106 1 55.35172934300296
A 657 1045 1830 350 3 54.43051292622139
A 1529 75 1101 199 1 55.57221523956195
A 1429 1060 1830 1068 2 51.34208113718593
A 1576 704 1228 471 1 58.55428123312199
A 1808 759 164 735 2 17.31948703980914
A 1626 782 1911 1012 1 34.534937172385476
A 1439 1064 863 737 3 58.22201754195687
A 228 26 1255 728 3 40.84581755986316
A 322 990 1366 1008 2 29.524047458420466
A 851 557 103 769 3 8.843424965771604
A 1470 437 1652 30 3 55.94191278807711
A 173 268 1279 860 3 38.42530885536793
A 133 205 1372 195 1 44.33889735716961
A 1856 1003 1805 423 1 21.95558038473326
A 200 115 1685 257 1 43.677325645902165
A 1659 257 66 436 3 26.822737587606756
A 275 58 856 205 2 56.57628472800519
A 1364 376 764 345 3 36.81929247416663
A 1652 176 1064 988 1 5.450486729804133
A 1670 440 1114 293 2 15.16638649441033
A 57 506 715 637 3 14.774353072135654
A 235 1044 947 277 2 19.075602204283552
A 895 1075 1798 81 3 14.88214699932625
A 692 727 1554 287 1 51.76098030471638
A 1476 793 1010 916 2 26.14552165530663
A 1544 180 1793 859 2 45.419131617284464
A 1022 888 1849 280 1 50.25120282501493
A 86 846 1498 885 3 57.83009735946547
A 1533 295 1613 751 3 4.0412493831079725
A 408 956 625 1022 2 57.89425184893729
A 1044 82 1202 502 2 45.33275278626207
A 581 643 1044 106 2 25.419290372674023
A 419 739 614 537 2 8.15177950430292
A 242 406 270 432 3 54.672957459317175
A 727 711 458 741 2 50.21948019049641
A 1367 482 233 1060 3 27.22626771337721
A 1175 403 1431 961 2 29.950606746369825
A 49 68 1675 92 2 6.502138254790046
A 436 519 102 834 1 26.360187753992815
A 565 299 1117 1002 1 15.103717287151564
A 821 702 289 351 2 16.91354995080222
A 163 1009 1910 269 3 17.272174267800466
A 1312 1006 1365 361 2 43.34535933267242
A 1616 980 1874 307 2 34.37897556154466
A 886 492 1104 293 1 27.87196881633388
A 366 259 1265 24 1 41.69903936353025
A 805 619 875 889 3 16.535929613389897
A 613 1080 1020 1053 1 16.132669361356605
A 1881 913 825 886 3 13.862001812592801
A 849 843 921 861 2 7.428720037612269
A 1165 918 969 230 2 4.503392533154404
A 1165 647 1256 830 1 9.81826923039323
A 1847 752 552 371 3 36.425331445236246
A 1495 956 1170 294 1 34.94145866651723
A 1579 887 723 85 2 54.72412261250466
A 1508 720 715 1018 3 13.280579472609066
A 1152 566 1348 415 1 56.52283503325904
A 1319 894 1823 861 1 7.751647036617923
A 130 492 525 232 2 50.02149663052481
A 1260 690 226 799 2 50.719688267811215
A 585 24 47 617 1 16.45893944055355
A 99 126 98 698 2 28.15166029259845
A 1472 286 1140 885 3 2.8663714765532355
A 1041 538 1044 808 1 15.264276469848387
A 1463 7 774 522 1 25.569711241297487
A 855 415 1621 825 3 10.040367393146338
A 1257 722 259 202 1 50.331726692910856
A 1060 401 1182 348 2 11.47549033602122
A 1716 450 717 1035 1 36.73684446598186
A 46 1032 1275 294 1 45.57801113333195
A 15 740 896 39 3 21.276187176347918
A 1752 554 1444 23 2 56.073621790669726
A 1723 50 223 22 3 14.537654411270811
A 1572 988 1348 155 1 43.36679338919498
A 97 518 329 52 1 29.20555145531977
A 807 585 462 187 1 12.783850501106553
A 108 570 1652 984 3 51.66171238095137
A 1852 191 1278 606 1 13.142299730972534
A 1741 60 229 30 3 31.869962851214858
A 847 552 73 942 2 9.202462372029942
A 944 764 1328 284 3 3.2370037401740737
A 77 335 1296 994 2 18.78158291681408
A 1521 567 398 125 3 40.66999501449899
A 1162 690 798 723 2 6.900139941555469
A 354 881 54 206 1 49.315850402482106
A 115 451 326 642 3 22.941420246631377
A 1493 940 1676 329 3 50.194035029242016
A 1056 157 204 757 1 7.275452393418938
A 1883 591 388 286 3 25.624848424106613
A 1360 821 1100 1079 2 31.671422216235783
A 1324 297 1661 560 2 42.9788396385016
A 1275 981 1357 318 2 46.163795770439286
A 509 1061 1133 816 3 53.17158203982069
A 1791 472 1104 495 3 6.18502625703136
A 1134 333 1382 36 2 8.886106522088756
A 23 228 1728 515 3 4.846645506674825
A 1060 3 1859 905 2 17.340302906226178
A 444 112 1423 1066 1 20.53964673433333
A 1903 216 1444 369 1 12.406926837015535
A 1464 185 34 71 1 4.481137660430202
A 1153 82 1655 1010 3 58.29004303877786
A 1858 235 1381 935 2 45.61225824470819
A 1875 508 430 969 3 39.08293588695674
A 1321 545 97 994 3 21.511043250281936
A 163 336 1480 200 3 32.92020438916032
A 791 1073 190 555 3 10.284486466251394
A 214 366 1765 421 2 34.60865353618171
A 1334 921 1230 985 2 31.98460033788218
A 1232 410 581 77 2 32.68897997218425
A 1709 672 152 76 3 50.35890881045786
A 1303 330 107 529 3 32.865427534542995
A 816 276 1861 939 1 47.89877060264507
A 1053 355 492 210 3 19.84173570348545
A 1099 672 806 89 2 54.99071708438745
A 1156 910 268 660 1 21.68046269491991
A 223 53 313 36 2 1.1722360400374665
A 1105 1048 1848 462 3 0.9355871690630613
A 198 825 417 591 1 35.67817118686998
A 21 648 1731 320 1 49.17241640135179
A 70 67 1556 22 3 48.39440187978366
A 367 976 1719 395 3 6.84883904867152
A 494 291 307 720 3 0.5859480598544242
A 369 891 143 903 2 8.66645772754422
A 1547 869 897 844 1 16.66169932727298
A 1566 1038 1230 333 1 43.68508171945628
A 199 249 997 185 1 12.487907571639273
A 836 507 1625 836 2 56.02907688911392
A 1476 882 194 658 2 46.18916703843585
A 1613 75 1180 389 3 3.831797214115713
A 1556 525 147 994 2 4.345713189306359
A 1254 4 741 468 2 57.75906693545778
A 1680 115 550 326 2 10.964085275399974
A 1743 169 1150 573 1 52.789662495853754
A 29 424 265 464 1 8.471632091036419
A 1340 711 1746 518 3 12.441913309390664
A 1631 1037 752 396 3 43.08735574512218
A 186 958 1402 266 2 15.263416645463169
A 1480 298 272 764 2 27.984451270002847
A 1519 926 653 563 1 4.889134794940144
A 843 666 1813 893 2 9.59116274004156
A 107 241 1895 615 1 48.581620648536884
A 1327 832 172 492 2 55.25565110612077
A 38 375 1456 357 1 24.572518135170654
A 878 650 868 389 2 53.16662742557454
A 992 143 1570 603 2 53.486744353855414
A 764 609 1375 917 1 2.301388847490906
A 1229 696 391 684 1 27.891981812256986
A 1568 779 368 409 3 15.35715823721494
A 1649 549 1316 254 3 0.04331824632058501
A 77 541 1496 531 1 27.444234302622753
A 540 400 803 593 3 38.91193258920504
A 1711 55 437 879 2 55.515030109341744
A 468 697 988 305 3 44.48538236615573
A 587 397 1033 610 2 24.3787732141784
A 1323 485 883 760 1 33.950107312606214
A 384 497 345 573 3 24.402523387065326
A 892 456 1530 1057 2 53.373821775681975
A 746 1027 930 118 1 47.435200643520815
A 1012 108 1174 1004 3 39.254313272666884
A 1555 617 164 57 2 7.824769447889935
A 1247 91 1847 275 3 13.075714635457356
A 806 747 1048 789 2 48.548684844627964
A 252 480 425 171 1 4.962955048487188
A 1649 608 814 286 1 24.598410194723737
A 612 300 1543 19 2 35.881548633467354
A 282 453 1401 70 3 10.607877790429
A 1804 1034 1240 1067 2 51.97832788030912
A 863 329 603 10 2 12.052349841173562
A 1588 604 456 243 3 48.94338212609099
A 627 147 281 927 2 33.155742419143344
A 1905 1 698 1025 1 56.54908208774445
A 854 441 1196 855 3 5.8293648938832465
A 689 449 1575 1 3 25.07049213857632
A 545 550 714 199 2 47.578874571924786
A 1715 803 1883 135 2 20.06971446982653
A 387 521 1408 257 3 2.4975285502075995
A 856 264 573 249 2 5.686444108437705
A 1224 347 1124 968 1 8.955159646534717
A 1065 828 135 246 2 48.4162249121963
A 1627 523 1593 53 1 55.93323223673549
A 1836 854 525 292 1 43.280946886366195
A 117 164 854 595 3 30.44623549302856
A 489 2 1701 211 3 9.836046340606314
A 368 438 232 429 1 5.682927253519095
A 1378 1061 1626 100 2 43.38133391879837
A 349 769 157 214 3 54.52997871793406
A 1911 270 1561 85 2 56.33374554192153
A 43 531 1737 924 2 58.28361348376258
A 646 463 577 160 1 28.597235463855935
A 925 383 17 400 3 8.781813854862762
A 784 178 1420 299 2 21.178001511953596
A 493 531 1413 151 1 56.13070903077522
A 1377 791 572 821 3 37.794236752768086
A 566 798 778 511 2 42.4783063596263
A 921 420 204 307 3 51.46798284323575
A 1045 128 1225 952 1 19.663429681019178
A 142 559 332 1042 2 6.946397731187746
A 1817 493 138 884 3 57.079353788488255
A 246 387 1917 511 3 34.723488787994455
A 674 105 1465 452 2 3.770270050646203
A 1069 576 1408 619 1 42.011518885380504
A 216 59 996 551 2 26.963530426173985
A 515 112 1044 233 1 57.10267987760496
A 498 947 1164 274 3 7.95725593952046
A 592 104 1829 372 1 12.677569846578153
A 867 1068 370 857 3 43.83439211508122
A 827 114 756 1068 1 29.312512060445556
A 1882 333 1493 549 3 19.527774103565434
A 288 184 1182 265 2 19.04556230180665
A 1223 130 260 396 2 34.45870683997616
A 34 950 418 39 1 23.48194086315124
A 555 205 1243 805 2 3.5439688887165133
A 1572 288 1566 93 1 46.5586996980605
A 397 190 1553 377 2 26.413113342110734
A 880 549 816 270 1 54.625119070742606
A 345 830 871 323 3 26.975998457996283
A 696 291 542 969 3 11.491406251609826
A 1099 381 1687 660 2 17.47727048632769
A 1753 388 200 582 3 57.47043194529382
A 1369 683 608 288 1 57.37547612081192
A 1434 977 769 345 2 39.738406829909295
A 1143 815 311 459 2 58.46906737660088
A 1847 81 1026 840 2 53.19541032593181
A 1083 501 975 335 3 4.668369226968685
A 350 498 396 1040 3 14.051000039991202
A 1598 307 942 558 1 9.412865968544622
A 196 453 759 115 3 28.83873201636988
A 1055 350 506 308 3 46.53382565242458
A 1333 14 1079 749 1 15.366782879949568
A 1295 993 927 1042 2 29.901366045922423
A 1414 306 82 927 2 13.34029471710086
A 163 790 904 357 2 23.23970209051041
A 160 542 328 703 2 26.08796495187541
A 1078 826 1474 305 3 35.19736710345905
A 27 267 476 258 2 59.86744342338986
A 219 785 989 617 3 38.368504313935325
A 1867 757 1327 953 2 17.27632574430882
A 889 1066 20 66 1 13.708258714325392
A 1699 505 1477 529 2 45.83026369513846
A 1608 153 1403 656 2 48.37343693060972
A 831 838 150 743 3 42.25866071107913
A 1037 869 836 735 3 28.983538268623438
A 94 63 1433 878 1 4.0497756888691105
A 607 946 604 200 1 21.318806555436684
A 154 757 789 428 2 53.04024051266171
A 1704 669 667 534 3 48.61279959186638
A 786 1008 795 1004 2 49.15747576784891
A 1663 374 1629 108 1 4.379580327584498
A 183 394 1070 794 3 18.738126398725928
A 1826 433 1888 1039 3 23.577299615473027
A 282 902 646 331 3 40.363519719260196
A 1431 794 1688 540 3 20.26211496772734
A 289 929 564 41 2 39.73481927776051
A 1023 302 1602 530 2 31.286631408361313
A 1693 650 632 838 3 27.758185694907784
A 902 944 1402 911 3 34.69333570141605
A 700 821 1380 949 3 4.390613572273471
A 1390 962 1350 1009 3 15.837002914175734
A 1881 474 1013 349 1 19.468956031206254
A 1089 789 725 135 3 3.130691045448939
A 1563 89 1312 647 1 16.311635212271693
A 1415 696 319 661 1 29.20151826289059
A 947 837 817 639 1 10.55745232716103
A 754 1015 1496 484 2 2.345124308269393
A 545 984 1270 647 2 16.6554017361394
A 1814 301 974 983 1 6.2897943900470565
A 546 1029 1798 119 2 8.368740504875849
A 596 639 1853 516 1 11.264515395579739
A 1586 566 142 83 1 44.04112689349111
A 524 61 617 378 2 47.96552024267241
A 832 54 1091 142 1 44.50655070598139
A 1179 958 1850 642 2 27.05624458628624
A 1829 780 1160 978 3 36.65294611898107
A 535 486 1102 994 2 30.432325449537252
A 325 433 143 40 1 28.166992302629993
A 1127 1028 142 674 3 37.778301926419786
A 498 953 1579 364 3 58.35161488282286
A 1114 101 766 8 2 20.7984632192123
A 1438 361 1819 943 1 7.3370524557581955
A 250 473 292 825 2 37.646609109765585
A 1745 738 1906 303 1 47.979147128466565
A 1723 605 607 60 1 37.81160316686103
A 1642 150 1050 390 2 16.93769719370255
A 349 526 965 1012 3 36.18103133236965
A 592 212 1069 1041 1 20.053410340231885
A 1201 509 733 961 2 20.042901267493573
A 758 26 1387 211 3 47.24052220072696
A 557 940 1456 483 2 24.97623804769545
A 1622 766 1527 43 2 8.287544187853367
A 606 150 34 293 2 1.421564462844429
A 602 647 1784 89 1 30.505958721444063
A 30 86 1848 878 1 13.441861525491026
A 1848 1041 1652 399 3 54.77097125496852
A 1059 1016 231 395 3 0.6874136120775187
A 96 886 845 671 1 27.305415972617627
A 1288 199 1181 603 2 52.78564472731565
A 1519 746 1459 415 1 53.83531140923773
A 501 379 739 170 2 3.1729206670741217
A 1349 733 707 447 1 2.6913175854549576
A 1395 990 642 990 2 29.25953417657301
A 992 303 1767 445 1 54.753506324995506
A 531 168 1630 893 3 46.75248339293433
A 399 196 302 276 3 7.47159024594902
A 517 318 1588 328 1 55.229713059581336
A 377 520 1162 270 2 45.636352316684
A 1331 383 972 1051 1 48.2063950914254
A 335 462 1266 286 3 41.29750124568983
A 1876 342 1221 1071 3 20.123690456023404
A 608 323 125 942 2 4.889640991990687
A 1473 734 1449 954 1 1.8953329759782478
A 937 72 830 1079 2 40.08084419200169
A 1699 991 1559 881 1 23.590099873670333
A 1308 136 1415 626 2 23.62063612511273
A 999 220 1263 700 2 57.3851465008944
A 415 352 558 487 1 58.646368001743475
A 752 338 1797 224 1 51.087939467605636
A 1067 86 32 210 3 24.94402964958343
A 605 273 1725 353 2 34.69063895347423
A 793 54 1441 591 3 16.78360416305081
A 1004 960 1202 1076 3 54.95134894677452
A 1735 3 1620 13 1 11.925731767051474
A 1002 441 771 942 1 4.081981957340616
A 723 228 147 448 1 26.72374360745336
A 1752 425 11 557 1 45.42081825771578
A 446 776 688 302 3 46.551824315690176
A 813 262 999 180 3 47.66132776865112
A 670 657 638 835 3 48.35204449044163
A 1082 997 1667 830 3 13.966651670679793
A 958 640 913 679 3 24.320388691062742
A 1179 1051 946 14 3 12.859478140203633
A 586 1047 655 575 3 21.734391961769592
A 1467 721 1266 773 2 9.163206383531861
A 519 283 1106 753 1 27.426780086353045
A 348 811 1012 643 1 34.820789944056486
A 175 388 599 1042 2 25.115371978288884
A 1528 337 805 183 1 18.40291389069836
A 1794 800 1641 760 3 55.0865862370488
A 1251 408 1330 690 3 40.64064784267606
A 455 323 861 651 3 3.401786664472728
A 1368 132 306 612 3 24.80973644668312
A 64 139 1810 361 1 35.88923949566146
A 627 204 1088 145 2 37.36159878822376
A 1909 600 1037 361 3 16.563737483372233
A 1283 262 1278 340 2 55.96791268707634
A 1353 960 1799 1029 3 18.132353130933243
A 746 602 882 870 1 30.703261450078283
A 1001 317 1544 419 2 48.483873000597725
A 1279 334 1411 712 1 49.246037180368546
A 447 835 191 835 3 2.4391577616503146
A 537 805 158 83 2 36.44121439257512
A 1279 909 1056 20 2 55.50472260296282
A 86 255 867 697 3 10.787293920855399
A 868 112 1220 991 3 34.175844119005674
A 752 137 1049 315 2 40.32485499258988
A 1536 974 975 1040 2 24.66280739866834
A 1908 1021 853 898 1 10.29406856644915
A 120 655 766 1055 2 42.26823125937317
A 863 566 795 212 3 15.169481516985194
A 1326 905 412 828 3 3.849166294481474
A 161 5 500 328 3 6.019794612643194
A 1811 673 1568 776 1 46.87809916930635
A 839 227 448 540 2 28.977015783016228
A 1713 1078 844 102 3 37.377719170439846
A 214 448 1402 389 2 4.286711071168048
A 935 930 1687 110 1 49.88404413105246
A 1600 19 1125 67 2 34.501927785465796
A 1545 964 905 921 2 47.535282940297336
T 500 400 250
T 1580 800 150
T 950 350 200