A 167 531 288 706 1 8.97436462956308
A 853 685 1835 431 2 41.621901995540675
A 685 157 1169 350 2 37.15828165576121
A 458 298 1197 945 1 33.50681632345621
A 1491 187 145 845 2 4.961612554704753
A 1715 569 1512 688 1 0.35460949892920146
A 1813 297 1025 461 3 5.571314757706012
A 702 13 1615 715 3 33.729713183620184
A 1476 638 1144 356 3 29.08224034235213
A 1540 965 702 1072 2 39.893523298916655
A 423 1038 640 1052 3 36.592707847429885
A 490 732 894 544 1 48.19119326955517
A 621 496 753 94 2 8.025504159582297
A 635 619 1191 600 1 33.27095608346412
A 1424 877 385 889 3 52.10679384521806
A 898 97 1307 259 1 59.890722920702075
A 1582 949 1691 11 3 52.88126486311504
A 908 441 518 780 3 51.15223750396191
A 128 526 1678 243 2 0.3562652199945804
A 1869 214 1821 1041 3 30.170218069375725
A 102 177 283 313 2 48.17085022858222
A 1242 60 1263 896 2 14.665084276330212
A 276 101 80 37 2 19.58779531307781
A 838 596 878 963 2 56.43592318730311
A 638 865 82 669 3 52.509312492159225
A 204 858 978 931 3 9.725749763940307
A 446 375 1575 272 3 15.67791304622326
A 354 1045 834 471 1 25.06239467057679
A 1214 622 1412 680 1 55.76386341243578
A 675 861 480 812 1 16.34400093858133
A 1759 874 107 823 3 19.392619100830903
A 1453 1002 1118 102 3 12.569213850892595
A 405 374 223 789 3 27.03851790278548
A 1682 427 1286 1035 1 41.63520077025341
A 397 307 1710 380 1 22.3578861060554
A 1613 253 1103 1007 3 41.038176449190594
A 1591 377 1252 550 1 15.997649102075826
A 843 741 1589 770 1 12.241447798867565
A 1687 97 1615 641 3 39.826341006593786
A 1746 861 52 553 3 28.618653722459204
A 1064 826 511 419 3 12.56554463894597
A 1292 723 207 1032 2 53.73586319483931
A 1010 802 1899 575 2 51.605758208079145
A 1307 835 264 360 3 54.94520137683885
A 1698 712 907 1062 1 2.233020177595222
A 1713 219 1821 169 3 23.34990391589007
A 265 39 1816 67 3 44.98467243710319
A 1286 827 360 695 2 47.15321965433275
A 642 750 473 702 1 21.067880863504662
A 455 654 1283 689 2 0.15981839264563424
A 643 636 547 844 1 22.392290681355664
A 698 99 942 572 1 1.7324917111272309
A 1563 133 1247 126 3 55.653798659153146
A 1701 706 683 826 2 12.656880594237395
A 1614 350 30 353 2 59.6395545093156
A 1746 981 290 365 3 27.424741688829137
A 878 411 387 472 2 18.941571342397804
A 576 505 789 244 3 23.43777682791996
A 916 228 1524 358 1 14.330782034362562
A 169 1066 1257 513 3 55.48016448670686
A 476 318 931 602 1 10.80384860196408
A 496 46 1504 259 1 18.811268253151717
A 1285 352 1665 558 3 16.37530634929209
A 682 272 928 672 2 24.378760090942148
A 1390 163 1401 1002 2 4.701890047758123
A 1676 789 164 850 2 36.935472962581606
A 1503 247 1365 86 1 42.34456604241112
A 1671 536 413 733 3 38.32704921432067
A 1578 96 1312 171 1 29.99262139701763
A 224 445 293 104 3 51.80123884265645
A 1163 548 699 995 3 10.292498267752418
A 613 356 1458 1060 3 11.868129015942268
A 332 1022 429 728 1 19.37417570414224
A 1851 259 1735 428 1 18.012389334744604
A 899 88 1919 1028 1 32.422492227528856
A 750 569 631 595 3 1.5559199412359637
A 1339 289 119 884 3 30.608647844742293
A 1654 254 290 738 3 27.15146409582639
A 712 1076 1553 16 2 47.706460875636786
A 655 470 531 486 1 12.303860859949037
A 130 132 1585 748 2 3.8965232824408558
A 1780 600 1832 931 1 1.727081608281622
A 1347 726 274 240 1 2.1028301702234864
A 1107 694 10 942 1 5.521926045888024
A 1842 101 369 586 3 46.00105759414463
A 947 869 1282 914 2 57.61874726327877
A 1630 925 108 764 3 16.32741075390023
A 933 681 451 287 1 11.747744486732767
A 1888 788 102 428 2 19.259976048235124
A 1028 916 1253 937 3 55.3445407642407
A 1567 78 111 680 3 15.12017833927528
A 1458 790 1258 881 2 52.89370805833602
A 185 469 342 736 1 30.368341677062023
A 953 559 93 667 1 30.749384007829
A 546 793 1285 638 2 8.61703535758828
A 1741 206 1355 842 2 40.82904674273624
A 1182 1026 133 1047 3 23.53159345899256
A 448 815 955 71 2 17.327074979188627
A 367 544 842 677 2 27.79580124265612
A 1880 187 116 36 1 20.789223513875555
A 1275 1033 1306 1034 1 55.790526375283505
A 514 681 1360 78 1 33.60171933897358
A 389 164 1875 115 2 36.70656315028525
A 89 654 1805 656 1 1.4971337500976056
A 1537 1053 72 133 1 7.235455255103911
A 301 461 283 1032 1 40.69421158924392
A 1377 600 464 303 1 1.239721626651884
A 661 774 534 21 3 38.80581459849652
A 465 91 19 283 2 6.567117967488601
A 1369 484 1597 823 1 54.66725021122514
A 1843 888 1395 375 1 29.313519068118836
A 67 929 1903 1 1 12.384462958899878
A 910 976 461 576 1 38.578164645697875
A 586 841 17 250 1 26.73800737893517
A 1485 293 906 1076 3 13.793742947506175
A 293 526 330 891 1 35.63678253929856
A 674 35 296 691 1 35.51182560685548
A 556 24 1407 912 3 8.267077953732265
A 402 660 1306 564 1 10.97391343871585
A 32 399 1549 756 1 52.015626213699576
A 514 340 871 288 1 59.434737399186346
A 1450 352 227 70 1 58.86749230288239
A 687 34 572 548 2 16.914468579703993
A 141 68 427 1072 3 53.278897270835365
A 199 639 1645 32 2 36.595950116202935
A 359 298 996 1004 3 1.768236107719614
A 287 723 583 810 3 46.02297499980805
A 1234 355 1496 60 3 25.294455913415387
A 1135 163 69 278 3 46.88701890936892
A 995 1054 274 967 1 5.820829714002562
A 372 761 1060 1029 2 11.534747933503567
A 422 686 625 1048 2 47.701378792071836
A 78 54 1757 854 1 58.53031281279288
A 1241 831 11 913 3 32.31931113431017
A 153 1045 408 946 3 11.327230583900079
A 1544 572 1283 429 1 10.39857832825783
A 596 718 416 972 3 26.260128079385858
A 1696 45 645 294 2 16.217170344513463
A 242 881 929 96 3 15.977812374223564
A 838 186 1486 892 3 27.18086910847549
A 825 1011 1243 1010 1 59.49187063387838
A 665 939 652 1053 3 25.145267146232722
A 470 161 406 720 3 45.8902786897182
A 906 356 923 66 2 22.532495047635827
A 1010 487 1007 588 3 6.802469203550244
A 1510 89 1900 1049 2 50.06720585479913
A 758 668 908 1044 2 8.132298804705796
A 382 469 1169 944 2 52.771444907319164
A 1829 791 109 461 3 14.63079709395281
A 1788 464 202 889 1 31.883746139910624
A 1663 949 272 1 1 16.696139976454994
A 1466 848 1488 903 3 32.749768456952864
A 1694 34 1750 452 3 42.54351797223896
A 135 149 509 206 1 0.2597760548242545
A 1034 539 1387 1051 1 47.28650151813857
A 1673 864 1807 460 3 33.85655245075342
A 274 1061 1663 231 2 10.010738548472855
A 687 74 849 995 3 9.46864608020089
A 1479 673 68 369 2 39.00011279573964
A 1613 728 671 919 1 59.290884818908296
A 995 230 30 410 1 2.291539946963388
A 1384 1065 921 506 2 6.484359178930543
A 1556 62 1130 931 3 1.9152525820170974
A 1586 429 1408 905 3 56.86844437101815
A 1261 386 783 837 1 51.831705834655935
A 143 1070 280 253 1 36.36414063402242
A 1586 546 105 1063 2 46.6242237341193
A 1131 221 697 387 3 13.808688878473557
A 865 811 1585 569 2 28.983824414949208
A 525 290 1714 305 2 0.3888390191432256
A 1104 626 1754 903 2 2.9167276079712656
A 913 626 1039 71 2 35.982779599269065
A 1045 185 1107 910 2 47.394432115421424
A 1326 848 1038 6 3 1.8703721151399955
A 1876 429 1460 988 2 7.568111357644045
A 1903 153 1826 312 1 7.592385932626113
A 1055 746 1736 330 1 51.14234210783868
A 979 433 1211 247 2 27.67353938879003
A 1630 727 747 799 3 55.22401398023718
A 1468 358 418 7 2 38.38603058699714
A 1729 789 817 927 1 54.01906698330374
A 1132 537 1203 1062 3 55.583589135259054
A 1011 158 1225 776 3 30.953488580077018
A 438 1010 1463 805 3 14.918308378517297
A 776 409 1118 362 3 6.718091689260857
A 1566 510 1658 917 1 24.82363686598699
A 839 546 696 591 1 29.458547268977835
A 1355 14 1411 765 2 19.360861824643727
A 441 43 304 915 2 36.81083741731936
A 63 912 906 977 3 31.133063622658444
A 290 407 562 570 1 14.811863733614059
A 370 1077 581 855 3 32.270170378197406
A 831 445 835 733 1 5.705056292127171
A 1194 684 695 336 3 0.6641987908626645
A 1444 918 21 714 1 31.800523548024927
A 1639 948 272 46 3 47.97169850644657
A 943 118 906 881 1 11.291482138853343
A 592 814 1877 462 1 51.641546489634905
A 1272 361 1372 546 2 15.622018460144718
A 485 911 1523 486 1 39.11640077827802
A 1330 720 1640 665 2 57.849859885997965
A 1632 215 715 190 3 21.47045523804486
A 569 258 1336 696 3 44.134262534857726
A 1598 234 274 455 3 23.347730903524557
A 557 855 1903 51 1 11.43752078523022
A 1472 83 1786 572 3 32.243449843545534
A 1910 969 1646 27 1 31.002071281675526
A 1657 300 524 1067 2 58.35185279596109
A 1527 466 1713 757 2 47.635760240704684
A 795 180 1031 962 3 55.99623738443237
A 1347 993 1516 734 3 18.760179138419243
A 357 918 5 597 2 11.297609271880981
A 1917 523 205 140 3 58.238715485294236
A 1449 233 1177 644 2 10.51822162804976
A 543 817 317 418 3 47.453070800438304
A 294 166 137 861 1 28.13349084578267
A 901 152 200 198 1 34.3764774870436
A 84 625 1052 869 2 12.1372638859497
A 997 488 1558 821 3 18.452327276315643
A 1817 226 1473 320 3 5.691758436353527
A 147 513 102 203 3 26.82788968544984
A 659 71 501 880 2 17.441537114974082
A 1479 289 753 998 1 44.52620728041863
A 574 66 370 170 1 8.228378767628575
A 18 586 543 289 3 0.37676401055339426
A 1512 936 1261 704 3 12.960965217442372
A 1548 359 1449 281 1 51.683830094686115
A 1304 1026 331 474 2 39.8970924180517
A 879 757 1023 1033 1 35.0066805533292
A 1648 317 1343 747 3 44.64568353503998
A 805 352 665 61 3 7.4717602173310365
A 832 237 687 1014 1 56.26828958504591
A 1494 348 661 339 2 35.73290643577233
A 869 952 1229 781 1 32.19492673661434
A 1373 354 464 711 1 41.50437038452064
A 355 226 1850 956 2 53.54958582634059
A 253 739 1509 707 2 32.37928056242009
A 1528 645 188 176 2 4.1880656199498585
A 790 837 591 249 2 13.31577661540246
A 1637 605 394 649 3 32.3593392988989
A 1871 109 1809 318 1 3.4993553357796348
A 997 415 1185 966 1 12.735015317858798
A 723 1080 1252 757 2 30.591965031370496
A 1316 581 1750 669 3 18.57623376629443
A 951 1019 1812 17 2 38.95696884530425
A 1258 662 1407 91 1 10.330345064075035
A 1104 562 194 173 3 19.990694218911766
A 1447 492 232 28 2 16.535189431854228
A 811 295 1440 44 3 52.41941113154301
A 559 142 1278 406 3 7.448309775270454
A 866 898 568 1029 1 25.863177393640985
A 799 399 1189 646 2 3.8644932158716383
A 999 558 519 61 2 32.243382410121505
A 449 181 138 130 2 6.610051755134457
A 1418 698 335 294 1 33.04611179274886
A 254 379 92 708 1 35.08901711283714
A 1508 577 1693 201 3 0.835870983525171
A 1352 739 926 653 1 48.425009095570175
A 265 1022 1492 979 2 45.8723379890105
A 1068 178 1231 964 2 23.129083395607456
A 1312 143 1190 465 1 44.064881745925206
A 550 330 1539 765 1 27.568005016070913
A 1064 274 1669 233 3 16.875655923411614
A 247 372 663 210 2 12.119929551643235
A 167 557 946 96 2 58.86912237667917
A 734 723 1165 484 3 0.5322952721532359
A 405 41 1763 306 2 27.983595817663108
A 1741 69 1262 1078 3 58.84944938051924
A 528 14 275 26 1 31.546861294416097
A 74 410 266 914 3 55.62256205812466
A 148 83 625 269 2 51.81206971152628
A 788 817 1382 23 2 33.07801930216658
A 1580 422 843 527 2 34.43444798908234
A 359 1047 18 410 2 8.339318444898991
A 827 111 1769 907 2 9.184450772662252
A 1213 865 1169 446 2 32.00077766469528
A 1212 48 61 160 2 58.5849797500026
A 1337 496 520 842 2 7.217144781795383
A 313 626 1004 102 1 7.247716024288482
A 1545 959 1919 1020 2 41.75818322835544
A 1517 175 903 195 2 3.7614719181561718
A 160 70 1133 542 3 36.182078580868
A 976 715 1575 698 2 37.18044486716871
A 1800 770 654 219 3 41.52797615912688
A 1900 73 708 336 1 29.961393759461746
A 1063 151 1623 1033 1 34.6747912668226
A 342 1017 677 60 1 7.269405916979754
A 1632 894 1198 577 2 9.229522254360354
A 15 366 1742 973 3 45.08008580786986
A 644 603 674 187 2 46.40588520768951
A 1187 752 1604 769 2 17.24657222339438
A 922 275 1900 331 1 55.00667958377984
A 1658 304 787 439 1 40.68037834065236
A 1644 560 1262 520 3 50.55629222329498
A 847 796 338 767 1 38.63038844806473
A 896 1069 530 428 1 52.01392799343556
A 562 833 123 1066 1 59.61261562139329
A 643 137 1490 991 1 51.16148128345257
A 620 705 1191 720 1 58.10514729167405
A 901 480 173 903 2 35.40124886917631
A 1301 897 1633 444 3 32.60678617191544
A 806 102 931 430 1 26.890642819880423
A 1765 396 913 539 3 33.38283319476055
A 1339 515 1072 777 1 10.186159346676543
A 796 109 1300 1034 2 4.015214426669232
A 1844 355 1645 92 1 13.704905177742283
A 1211 387 1687 746 1 48.67737903238631
A 1359 437 1619 771 3 6.878444160299941
A 9 903 827 586 1 1.3114270943843143
A 22 658 731 673 2 15.941475335243462
A 727 597 1450 773 1 14.091674508922596
A 70 645 395 5 1 38.67856226048447
A 1693 34 1566 517 3 48.11687965794966
A 203 439 1159 477 3 35.21636069726964
A 1673 701 1736 695 2 43.897192091159255
A 1449 625 915 216 2 43.58779474443768
A 1373 879 755 396 2 26.208207384018728
A 627 245 1399 283 3 36.336208682504484
A 467 716 1218 293 1 18.506878656778248
A 609 609 28 1044 2 28.371887866914236
A 455 825 160 413 1 48.737204522249485
A 591 186 72 768 1 7.108030675114232
A 158 88 155 694 1 26.80621900079055
A 387 37 922 201 1 3.396174288846121
A 573 909 36 569 2 29.928927799075357
A 478 495 948 227 3 43.3351540406771
A 574 381 188 316 1 12.67084872748229
A 502 387 507 877 2 32.58355413333835
A 414 1046 689 666 1 37.51519685652835
A 211 392 141 442 1 20.077175292196266
A 1844 922 133 12 1 42.22950901698609
A 389 442 1662 319 1 14.636569222403706
A 794 862 1534 486 3 35.247347137000766
A 1266 836 1887 245 2 30.028397389957206
A 1004 969 1730 553 1 39.4070595863951
A 1536 923 293 690 3 11.272178258915673
A 473 688 951 956 1 27.054489331312354
A 1464 477 1304 699 3 50.19614732259702
A 907 789 87 112 3 47.25308552534853
A 879 973 737 229 1 13.455524611152843
A 846 774 1479 36 1 7.121820698719466
A 344 928 220 106 3 31.173183750449788
A 1000 26 1195 924 2 19.797679035884425
A 602 79 1105 23 3 48.90143380318746
A 1567 521 585 544 3 10.812363173225481
A 872 1040 679 689 3 7.063882993496636
A 1172 45 501 799 3 41.11235530347192
A 266 668 1754 272 2 40.99438999826646
A 194 719 1667 287 3 41.511477596381305
A 235 1072 1317 276 1 48.82273932149028
A 170 753 140 133 3 33.13117746284783
A 238 445 1669 957 1 13.55030601580852
A 1745 780 545 158 1 9.883877175357174
A 1420 916 1008 755 1 13.279128682490253
A 1894 1000 365 152 2 48.37028278496396
A 1896 894 1885 832 3 6.848765156374985
A 686 796 1569 511 2 14.420840626922782
A 713 907 847 697 3 28.370226455449313
A 1370 699 608 222 3 44.793087504274936
A 503 69 1608 48 1 38.59842840683369
A 1196 427 969 889 3 20.013247031667674
A 472 989 1202 574 3 38.50741376364849
A 1043 125 1428 948 1 53.23490062834804
A 352 614 29 435 2 16.60399958765915
A 1140 549 972 513 1 16.703734667204557
A 473 1024 291 5 3 15.242128025843213
A 97 646 1275 181 3 55.796695490957866
A 1492 558 1221 527 1 3.7308037543849104
A 648 116 251 15 3 7.9707984944683075
A 1474 719 1473 574 3 51.69222761182427
A 1131 51 938 665 3 36.59021772060016
A 1298 624 1489 42 2 41.92623812592886
A 1143 693 74 49 3 31.11269483577186
A 754 240 285 607 2 23.89957941721899
A 397 85 743 777 2 31.2329830718618
A 1584 127 321 116 1 24.30277388998644
A 1880 188 1418 240 3 19.231172791126795
A 1421 843 1162 814 2 56.703405133966065
A 104 8 1291 105 2 40.564280392287756
A 1599 594 620 449 2 36.96731209802414
A 1857 398 1272 72 3 32.309756941659685
A 180 648 311 962 2 46.32033691252608
A 994 269 1778 473 3 29.705070849886532
A 1351 480 1245 148 2 27.54351067179776
A 485 472 217 391 2 11.913670797841567
A 1606 676 476 998 2 46.59110297993874
A 1091 595 541 740 3 50.506255170364035
A 1202 1044 56 240 1 11.53427848768953
A 1650 38 1333 503 1 45.22570022459754
A 839 513 807 146 3 42.41818286696502
A 434 61 1738 1059 2 2.064076001262416
A 1177 646 441 579 2 57.021540959338445
A 1461 219 403 56 3 21.780378501916942
A 225 1008 1405 890 3 14.230777180982802
A 768 26 897 438 1 34.384752265117605
A 943 165 267 181 1 14.146510553110442
A 1142 120 1485 499 2 4.954319427059117
A 1159 195 1562 790 2 8.41254408043172
A 1872 415 143 1024 3 17.87191465212505
A 67 88 219 1007 1 38.248992065833484
A 677 468 1839 709 1 59.5507194952002
A 1274 602 1188 890 1 16.088278811884233
A 489 679 334 1040 2 57.46207578179495
A 1646 975 1690 360 2 2.104922460697083
A 1481 854 270 470 1 38.94547334524094
A 1824 535 1559 497 1 55.57390677664996
A 1697 1045 647 973 1 32.577996794957315
A 1500 662 768 236 1 17.466790373625855
A 1689 232 99 408 1 11.992604678802895
A 125 906 1105 755 1 9.130268304244476
A 505 759 1599 291 1 21.674717408105188
A 67 1038 581 262 3 48.54746919231563
A 1768 830 1444 773 3 37.973806666137996
A 951 736 1116 704 2 19.21899562988206
A 728 852 519 764 1 59.62951590856864
A 1754 216 1722 1073 1 35.08752904550447
A 834 512 1124 84 2 58.492305198815934
A 1592 256 12 256 2 8.255719285209578
A 182 1079 489 268 3 35.041588421129525
A 1039 130 1312 862 1 57.17879881375384
A 1333 365 193 67 2 59.339294293260714
A 392 260 1202 75 2 24.033120733627733
A 1179 794 1380 597 3 57.47794720615097
A 1199 589 410 560 3 10.538755599807054
A 418 926 1771 111 3 41.464902471836865
A 120 1005 474 246 2 38.81089204301771
A 793 674 575 181 1 52.69645781371612
A 1698 606 520 839 3 4.35671477110022
A 500 896 1647 767 1 50.53951728339428
A 1773 84 1097 231 2 11.55940657969519
A 1883 39 916 25 3 3.5509644299977783
A 654 578 200 475 3 50.58903780874403
A 1755 393 1177 625 2 31.324549215772294
A 483 656 1117 815 2 57.78142700840601
A 1772 887 574 327 2 37.21193809018053
A 1440 135 1684 954 1 27.02492438176556
A 56 271 285 733 2 30.882058748553177
A 284 530 1775 468 2 28.04780927459364
A 889 88 563 148 2 48.29276936376102
A 1509 726 672 353 1 56.37049882561628
A 354 259 756 463 1 25.37598923794852
A 1411 834 406 889 2 17.767204532377058
A 76 1050 1545 538 2 57.77217870382358
A 620 809 1371 748 3 33.94175195098631
A 55 850 140 161 2 17.786955987155444
A 1208 1066 1865 784 1 21.056527506108115
A 829 1015 574 823 3 26.183082756468167
A 1835 346 348 317 2 18.191470327703627
A 83 742 1805 1 3 7.167353995300337
A 775 112 219 669 2 28.273493739531965
A 1512 318 67 102 3 42.57216462295446
A 925 167 437 628 2 19.67385626110661
A 859 796 1833 192 3 3.0355929675258198
A 420 474 1323 1030 1 26.661996762808226
A 1489 390 985 961 1 18.483517209710943
A 387 264 253 573 1 30.375395215035677
A 1447 590 184 90 3 22.65157807303182
A 1333 58 29 676 3 3.719925372338133
A 476 709 1256 805 2 1.282809419574411
A 41 527 1154 905 1 13.018731356433745
A 573 795 1077 468 2 54.16360272421702
A 497 91 1250 435 2 35.57189992327189
A 326 758 951 205 3 14.230087631646844
A 179 275 1478 287 1 16.415638510423566
A 1172 215 814 942 2 8.461651170799323
A 563 1051 693 668 2 32.104635244206364
A 96 1044 36 947 1 59.66688383057127
A 612 1018 1380 1052 3 41.7782055584889
A 562 545 1592 213 1 49.61792416890605
A 1112 1056 1292 795 1 3.1355212970026525
A 983 687 403 799 3 26.741110842706526
A 841 1071 316 481 3 13.03429522197094
A 1181 1059 282 161 2 16.790821094441256
A 390 630 997 836 2 37.3534460647718
A 777 105 136 45 3 0.2661461707704982
A 1655 955 1874 53 3 17.66578049730264
A 1266 640 335 1031 3 8.545578740885693
A 1166 706 948 338 1 35.25502003818168
A 216 401 1148 977 2 34.773928652822605
A 140 856 1493 1033 2 15.739380152007218
A 1161 1007 9 975 1 3.9263217985951515
A 215 658 747 619 1 8.074311973779654
A 424 329 2 541 1 25.75618867920343
A 1735 659 1618 14 1 36.563435073768076
A 1255 510 784 104 3 27.55422733367778
A 69 760 729 628 3 24.898279671609128
A 1578 993 936 748 2 6.420408340434538
A 356 889 1886 18 1 42.520832845180955
A 1036 647 831 324 1 24.594938926715912
A 1634 236 1908 745 3 17.16550397945533
A 1225 842 126 65 1 37.16865709010948
A 1366 318 76 753 1 47.574464682265
A 1294 755 18 903 1 3.397339428660018
A 1364 1037 266 881 1 16.796647599161233
A 167 490 1341 1048 3 3.455823617249434
A 1549 850 797 954 3 56.15894403773844
A 877 672 1279 1064 2 17.957467701067348
A 1045 797 586 358 2 32.98314808465098
A 886 1012 1583 901 3 50.56905519566034
A 1221 139 112 189 3 43.27260619003232
T 500 400 250
T 1650 700 150
T 1150 350 200
T 600 750 120